018|000|P-018|00
011|001|P-011|00
085|002|P-085|01|75|75|100
007|005|P-007|00
051|003|P-051|02|CI
068|009|P-068|00
025|004|P-025|01|79|79|100
028|010|P-028|00
032|011|P-032|00
084|012|P-084|00
052|013|P-052|00
081|006|P-081|01|134|134|100
080|016|P-080|00
014|018|P-014|00
067|019|P-067|00
032|023|P-032|00
097|025|P-097|00
034|026|P-034|00
075|027|P-075|00
053|028|P-053|00
029|031|P-029|00
080|032|P-080|00
040|039|P-040|00
013|007|P-013|01|22|22|100
015|041|P-015|00
004|045|P-004|00
067|008|P-067|01|115|115|100
024|046|P-024|00
007|047|P-007|00
080|014|P-080|01|94|94|100
018|015|P-018|01|143|143|100
055|049|P-055|00
036|052|P-036|00
050|017|P-050|02|RX
069|020|P-069|01|84|84|100
044|021|P-044|02|DJ
071|022|P-071|01|72|72|100
065|024|P-065|02|QO
094|054|P-094|00
095|072|P-095|00
057|079|P-057|00
090|080|P-090|00
080|083|P-080|00
056|029|P-056|02|BT
068|084|P-068|00
045|085|P-045|00
059|086|P-059|00
013|087|P-013|00
020|089|P-020|00
027|030|P-027|01|75|75|100
070|033|P-070|01|134|134|100
026|092|P-026|00
022|095|P-022|00
077|099|P-077|00
041|109|P-041|00
087|034|P-087|02|EO
099|110|P-099|00
071|112|P-071|00
036|120|P-036|00
060|035|P-060|01|131|131|100
098|122|P-098|00
068|036|P-068|01|12|12|100
096|037|P-096|02|ZO
082|038|P-082|02|NA
062|040|P-062|02|VN
030|042|P-030|02|VP
071|043|P-071|01|47|119|100
076|044|P-076|01|13|13|100
002|123|P-002|00
073|124|P-073|00
090|125|P-090|00
002|126|P-002|00
095|129|P-095|00
097|130|P-097|00
007|131|P-007|00
027|048|P-027|02|VF
083|050|P-083|01|73|73|100
075|051|P-075|02|YX
089|053|P-089|01|69|69|100
017|137|P-017|00
002|141|P-002|00
040|055|P-040|02|HT
042|056|P-042|02|VJ
013|057|P-013|01|148|170|100
014|058|P-014|02|NQ
099|142|P-099|00
050|144|P-050|00
043|145|P-043|00
079|147|P-079|00
028|148|P-028|00
073|152|P-073|00
054|155|P-054|00
023|157|P-023|00
048|159|P-048|00
063|160|P-063|00
039|162|P-039|00
087|163|P-087|00
043|164|P-043|00
089|166|P-089|00
073|173|P-073|00
052|175|P-052|00
064|059|P-064|01|58|58|100
080|060|P-080|01|129|223|100
025|061|P-025|02|FY
059|062|P-059|02|CG
044|063|P-044|02|KP
024|179|P-024|00
046|064|P-046|02|ZX
073|065|P-073|02|SI
080|066|P-080|01|77|300|100
064|067|P-064|01|64|122|100
047|068|P-047|01|134|134|100
078|069|P-078|01|26|26|100
052|070|P-052|01|81|81|100
090|071|P-090|01|53|53|100
006|187|P-006|00
016|188|P-016|00
052|073|P-052|01|119|200|100
071|074|P-071|01|48|167|100
024|075|P-024|02|VD
077|076|P-077|01|126|126|100
048|077|P-048|01|83|83|100
056|078|P-056|01|45|45|100
000|081|P-000|02|ME
033|082|P-033|02|OW
066|088|P-066|01|7|7|100
004|090|P-004|01|75|75|100
075|091|P-075|01|77|77|100
055|093|P-055|01|101|101|100
088|094|P-088|01|127|127|100
088|096|P-088|01|28|155|100
018|097|P-018|01|68|211|100
025|098|P-025|02|FW
069|100|P-069|01|39|123|100
043|101|P-043|02|VE
087|102|P-087|01|102|102|100
043|103|P-043|02|IN
073|104|P-073|02|VU
012|105|P-012|02|MQ
016|106|P-016|01|85|85|100
065|193|P-065|00
044|195|P-044|00
034|197|P-034|00
045|201|P-045|00
048|206|P-048|00
043|208|P-043|00
098|210|P-098|00
061|211|P-061|00
098|107|P-098|01|91|91|100
084|108|P-084|02|OR
090|213|P-090|00
085|218|P-085|00
026|219|P-026|00
030|220|P-030|00
004|224|P-004|00
086|226|P-086|00
039|230|P-039|00
028|111|P-028|02|DJ
001|113|P-001|02|QH
032|234|P-032|00
043|240|P-043|00
060|114|P-060|01|10|141|100
062|115|P-062|02|NJ
020|116|P-020|02|EW
070|248|P-070|00
076|250|P-076|00
011|255|P-011|00
075|257|P-075|00
077|117|P-077|01|31|157|100
042|118|P-042|01|5|5|100
017|119|P-017|02|BO
011|121|P-011|01|55|55|100
089|127|P-089|01|108|177|100
061|258|P-061|00
003|266|P-003|00
013|273|P-013|00
099|128|P-099|02|ZP
046|132|P-046|01|140|140|100
009|133|P-009|01|31|31|100
067|134|P-067|01|57|172|100
049|135|P-049|02|CY
019|136|P-019|02|EU
072|138|P-072|02|BW
027|139|P-027|02|KL
002|140|P-002|01|38|38|100
017|143|P-017|01|95|95|100
007|146|P-007|01|65|65|100
026|149|P-026|01|94|94|100
001|150|P-001|02|HU
014|151|P-014|01|142|142|100
098|153|P-098|02|CX
022|154|P-022|01|13|13|100
029|156|P-029|01|66|66|100
061|158|P-061|02|LD
078|161|P-078|02|JR
037|165|P-037|02|KO
067|167|P-067|01|121|293|100
070|168|P-070|02|UP
054|169|P-054|02|OY
040|170|P-040|02|IA
064|171|P-064|02|IB
009|172|P-009|02|HV
025|174|P-025|02|HY
094|176|P-094|01|35|35|100
002|177|P-002|02|XN
026|178|P-026|01|60|154|100
057|180|P-057|02|PX
093|278|P-093|00
022|280|P-022|00
051|283|P-051|00
055|287|P-055|00
076|295|P-076|00
095|296|P-095|00
045|297|P-045|00
080|299|P-080|00
092|301|P-092|00
098|306|P-098|00
013|307|P-013|00
037|309|P-037|00
033|181|P-033|02|CP
072|182|P-072|02|XR
023|183|P-023|02|YQ
009|184|P-009|02|ZY
067|185|P-067|01|132|425|100
028|186|P-028|01|22|22|100
005|189|P-005|02|WI
059|190|P-059|01|20|20|100
033|191|P-033|01|81|81|100
075|314|P-075|00
050|315|P-050|00
021|317|P-021|00
049|318|P-049|00
083|319|P-083|00
032|321|P-032|00
056|325|P-056|00
041|192|P-041|01|66|66|100
013|330|P-013|00
069|331|P-069|00
084|332|P-084|00
058|334|P-058|00
038|194|P-038|01|130|130|100
031|196|P-031|01|25|25|100
000|198|P-000|01|7|7|100
074|199|P-074|01|20|20|100
014|200|P-014|02|RB
071|335|P-071|00
011|338|P-011|00
003|340|P-003|00
023|202|P-023|02|NR
051|203|P-051|02|YQ
069|204|P-069|01|51|174|100
020|205|P-020|02|JO
045|207|P-045|01|7|7|100
088|209|P-088|02|OT
062|341|P-062|00
020|345|P-020|00
001|212|P-001|02|GE
091|214|P-091|01|122|122|100
017|215|P-017|02|RO
035|216|P-035|02|GD
012|217|P-012|01|19|19|100
036|347|P-036|00
037|349|P-037|00
079|352|P-079|00
033|354|P-033|00
065|355|P-065|00
000|356|P-000|00
043|362|P-043|00
013|363|P-013|00
080|365|P-080|00
034|367|P-034|00
077|371|P-077|00
002|373|P-002|00
098|221|P-098|02|VL
071|378|P-071|00
064|379|P-064|00
034|382|P-034|00
035|384|P-035|00
090|386|P-090|00
035|392|P-035|00
037|393|P-037|00
018|397|P-018|00
059|400|P-059|00
041|401|P-041|00
015|402|P-015|00
064|222|P-064|01|69|191|100
006|223|P-006|02|FN
061|405|P-061|00
019|406|P-019|00
056|408|P-056|00
085|412|P-085|00
096|225|P-096|02|NX
001|227|P-001|02|FF
048|228|P-048|01|22|105|100
078|229|P-078|02|HK
025|231|P-025|01|7|86|100
081|232|P-081|02|JD
080|233|P-080|02|UJ
082|235|P-082|02|GM
020|236|P-020|01|61|61|100
033|237|P-033|01|104|185|100
095|238|P-095|02|TH
074|239|P-074|02|NH
023|241|P-023|01|150|150|100
059|242|P-059|01|75|95|100
044|243|P-044|01|99|99|100
030|244|P-030|01|20|20|100
050|245|P-050|01|56|56|100
014|246|P-014|02|ZX
006|247|P-006|02|ZP
016|249|P-016|01|97|182|100
086|251|P-086|02|OB
042|252|P-042|01|77|82|100
098|253|P-098|01|46|137|100
029|254|P-029|02|XT
072|256|P-072|02|VS
022|259|P-022|01|140|153|100
057|260|P-057|01|83|83|100
078|261|P-078|01|125|151|100
070|262|P-070|02|GD
090|263|P-090|01|95|148|100
059|264|P-059|01|98|193|100
086|265|P-086|01|17|17|100
047|267|P-047|01|14|148|100
096|268|P-096|02|CX
027|269|P-027|01|58|133|100
047|270|P-047|01|134|282|100
084|271|P-084|01|121|121|100
049|272|P-049|02|AG
015|274|P-015|02|ZX
027|275|P-027|01|127|260|100
067|276|P-067|01|138|563|100
094|277|P-094|02|JR
069|279|P-069|02|CS
051|281|P-051|02|XX
023|414|P-023|00
009|415|P-009|00
087|420|P-087|00
077|424|P-077|00
070|427|P-070|00
077|282|P-077|01|24|181|100
060|428|P-060|00
030|429|P-030|00
001|431|P-001|00
043|432|P-043|00
031|433|P-031|00
063|435|P-063|00
068|436|P-068|00
095|437|P-095|00
002|438|P-002|00
040|284|P-040|01|124|124|100
042|285|P-042|01|120|202|100
061|286|P-061|01|4|4|100
048|439|P-048|00
016|440|P-016|00
062|447|P-062|00
099|454|P-099|00
004|455|P-004|00
015|457|P-015|00
071|460|P-071|00
048|464|P-048|00
059|465|P-059|00
002|288|P-002|02|FY
067|289|P-067|02|JI
084|290|P-084|02|NN
036|468|P-036|00
050|469|P-050|00
032|291|P-032|01|38|38|100
042|292|P-042|02|KM
048|293|P-048|01|46|151|100
033|294|P-033|02|QV
059|298|P-059|01|96|289|100
079|300|P-079|01|28|28|100
065|302|P-065|02|XP
058|303|P-058|01|69|69|100
061|304|P-061|01|127|131|100
003|470|P-003|00
077|471|P-077|00
073|473|P-073|00
032|474|P-032|00
030|478|P-030|00
025|479|P-025|00
084|489|P-084|00
006|492|P-006|00
019|493|P-019|00
089|496|P-089|00
085|498|P-085|00
007|502|P-007|00
067|507|P-067|00
014|510|P-014|00
019|511|P-019|00
059|512|P-059|00
059|518|P-059|00
034|520|P-034|00
099|522|P-099|00
046|528|P-046|00
052|305|P-052|01|5|205|100
