018|000|P-018|00
011|001|P-011|00
085|002|P-085|01|75|75|100
051|003|P-051|02|CI
025|004|P-025|01|79|79|100
007|005|P-007|00
081|006|P-081|01|134|134|100
013|007|P-013|01|22|22|100
067|008|P-067|01|115|115|100
068|009|P-068|00
028|010|P-028|00
032|011|P-032|00
084|012|P-084|00
052|013|P-052|00
080|014|P-080|01|94|94|100
080|016|P-080|00
018|015|P-018|01|143|143|100
050|017|P-050|02|RX
014|018|P-014|00
067|019|P-067|00
032|023|P-032|00
069|020|P-069|01|84|84|100
044|021|P-044|02|DJ
097|025|P-097|00
071|022|P-071|01|72|72|100
065|024|P-065|02|QO
034|026|P-034|00
075|027|P-075|00
053|028|P-053|00
056|029|P-056|02|BT
029|031|P-029|00
027|030|P-027|01|75|75|100
070|033|P-070|01|134|134|100
087|034|P-087|02|EO
080|032|P-080|00
060|035|P-060|01|131|131|100
068|036|P-068|01|12|12|100
096|037|P-096|02|ZO
082|038|P-082|02|NA
040|039|P-040|00
062|040|P-062|02|VN
015|041|P-015|00
004|045|P-004|00
030|042|P-030|02|VP
024|046|P-024|00
071|043|P-071|01|47|119|100
076|044|P-076|01|13|13|100
027|048|P-027|02|VF
007|047|P-007|00
055|049|P-055|00
083|050|P-083|01|73|73|100
075|051|P-075|02|YX
036|052|P-036|00
094|054|P-094|00
089|053|P-089|01|69|69|100
040|055|P-040|02|HT
042|056|P-042|02|VJ
013|057|P-013|01|148|170|100
014|058|P-014|02|NQ
064|059|P-064|01|58|58|100
080|060|P-080|01|129|223|100
025|061|P-025|02|FY
059|062|P-059|02|CG
044|063|P-044|02|KP
046|064|P-046|02|ZX
073|065|P-073|02|SI
080|066|P-080|01|77|300|100
064|067|P-064|01|64|122|100
095|072|P-095|00
047|068|P-047|01|134|134|100
057|079|P-057|00
090|080|P-090|00
080|083|P-080|00
068|084|P-068|00
045|085|P-045|00
059|086|P-059|00
013|087|P-013|00
078|069|P-078|01|26|26|100
052|070|P-052|01|81|81|100
090|071|P-090|01|53|53|100
052|073|P-052|01|119|200|100
071|074|P-071|01|48|167|100
024|075|P-024|02|VD
077|076|P-077|01|126|126|100
048|077|P-048|01|83|83|100
056|078|P-056|01|45|45|100
000|081|P-000|02|ME
033|082|P-033|02|OW
066|088|P-066|01|7|7|100
020|089|P-020|00
004|090|P-004|01|75|75|100
075|091|P-075|01|77|77|100
026|092|P-026|00
055|093|P-055|01|101|101|100
088|094|P-088|01|127|127|100
022|095|P-022|00
088|096|P-088|01|28|155|100
018|097|P-018|01|68|211|100
077|099|P-077|00
025|098|P-025|02|FW
069|100|P-069|01|39|123|100
043|101|P-043|02|VE
087|102|P-087|01|102|102|100
043|103|P-043|02|IN
073|104|P-073|02|VU
041|109|P-041|00
012|105|P-012|02|MQ
016|106|P-016|01|85|85|100
098|107|P-098|01|91|91|100
084|108|P-084|02|OR
099|110|P-099|00
028|111|P-028|02|DJ
071|112|P-071|00
001|113|P-001|02|QH
060|114|P-060|01|10|141|100
062|115|P-062|02|NJ
020|116|P-020|02|EW
077|117|P-077|01|31|157|100
042|118|P-042|01|5|5|100
036|120|P-036|00
017|119|P-017|02|BO
098|122|P-098|00
002|123|P-002|00
073|124|P-073|00
090|125|P-090|00
002|126|P-002|00
095|129|P-095|00
097|130|P-097|00
011|121|P-011|01|55|55|100
089|127|P-089|01|108|177|100
099|128|P-099|02|ZP
007|131|P-007|00
046|132|P-046|01|140|140|100
009|133|P-009|01|31|31|100
067|134|P-067|01|57|172|100
049|135|P-049|02|CY
019|136|P-019|02|EU
017|137|P-017|00
072|138|P-072|02|BW
027|139|P-027|02|KL
002|141|P-002|00
002|140|P-002|01|38|38|100
099|142|P-099|00
017|143|P-017|01|95|95|100
050|144|P-050|00
043|145|P-043|00
007|146|P-007|01|65|65|100
079|147|P-079|00
026|149|P-026|01|94|94|100
001|150|P-001|02|HU
028|148|P-028|00
014|151|P-014|01|142|142|100
098|153|P-098|02|CX
073|152|P-073|00
022|154|P-022|01|13|13|100
029|156|P-029|01|66|66|100
061|158|P-061|02|LD
054|155|P-054|00
078|161|P-078|02|JR
037|165|P-037|02|KO
067|167|P-067|01|121|293|100
070|168|P-070|02|UP
023|157|P-023|00
048|159|P-048|00
063|160|P-063|00
039|162|P-039|00
054|169|P-054|02|OY
040|170|P-040|02|IA
064|171|P-064|02|IB
009|172|P-009|02|HV
087|163|P-087|00
043|164|P-043|00
089|166|P-089|00
073|173|P-073|00
052|175|P-052|00
024|179|P-024|00
025|174|P-025|02|HY
094|176|P-094|01|35|35|100
002|177|P-002|02|XN
026|178|P-026|01|60|154|100
057|180|P-057|02|PX
033|181|P-033|02|CP
072|182|P-072|02|XR
023|183|P-023|02|YQ
009|184|P-009|02|ZY
006|187|P-006|00
067|185|P-067|01|132|425|100
028|186|P-028|01|22|22|100
016|188|P-016|00
065|193|P-065|00
005|189|P-005|02|WI
059|190|P-059|01|20|20|100
033|191|P-033|01|81|81|100
044|195|P-044|00
041|192|P-041|01|66|66|100
034|197|P-034|00
038|194|P-038|01|130|130|100
045|201|P-045|00
031|196|P-031|01|25|25|100
000|198|P-000|01|7|7|100
074|199|P-074|01|20|20|100
014|200|P-014|02|RB
048|206|P-048|00
023|202|P-023|02|NR
051|203|P-051|02|YQ
069|204|P-069|01|51|174|100
020|205|P-020|02|JO
045|207|P-045|01|7|7|100
043|208|P-043|00
098|210|P-098|00
061|211|P-061|00
090|213|P-090|00
085|218|P-085|00
088|209|P-088|02|OT
001|212|P-001|02|GE
091|214|P-091|01|122|122|100
026|219|P-026|00
030|220|P-030|00
004|224|P-004|00
017|215|P-017|02|RO
035|216|P-035|02|GD
012|217|P-012|01|19|19|100
098|221|P-098|02|VL
064|222|P-064|01|69|191|100
006|223|P-006|02|FN
096|225|P-096|02|NX
086|226|P-086|00
001|227|P-001|02|FF
039|230|P-039|00
048|228|P-048|01|22|105|100
078|229|P-078|02|HK
032|234|P-032|00
025|231|P-025|01|7|86|100
081|232|P-081|02|JD
080|233|P-080|02|UJ
082|235|P-082|02|GM
020|236|P-020|01|61|61|100
033|237|P-033|01|104|185|100
095|238|P-095|02|TH
074|239|P-074|02|NH
043|240|P-043|00
023|241|P-023|01|150|150|100
059|242|P-059|01|75|95|100
044|243|P-044|01|99|99|100
030|244|P-030|01|20|20|100
050|245|P-050|01|56|56|100
014|246|P-014|02|ZX
006|247|P-006|02|ZP
070|248|P-070|00
076|250|P-076|00
011|255|P-011|00
075|257|P-075|00
016|249|P-016|01|97|182|100
086|251|P-086|02|OB
042|252|P-042|01|77|82|100
061|258|P-061|00
003|266|P-003|00
098|253|P-098|01|46|137|100
029|254|P-029|02|XT
072|256|P-072|02|VS
022|259|P-022|01|140|153|100
057|260|P-057|01|83|83|100
078|261|P-078|01|125|151|100
070|262|P-070|02|GD
090|263|P-090|01|95|148|100
059|264|P-059|01|98|193|100
086|265|P-086|01|17|17|100
047|267|P-047|01|14|148|100
096|268|P-096|02|CX
027|269|P-027|01|58|133|100
047|270|P-047|01|134|282|100
084|271|P-084|01|121|121|100
049|272|P-049|02|AG
015|274|P-015|02|ZX
027|275|P-027|01|127|260|100
067|276|P-067|01|138|563|100
094|277|P-094|02|JR
069|279|P-069|02|CS
051|281|P-051|02|XX
077|282|P-077|01|24|181|100
040|284|P-040|01|124|124|100
013|273|P-013|00
093|278|P-093|00
022|280|P-022|00
051|283|P-051|00
042|285|P-042|01|120|202|100
061|286|P-061|01|4|4|100
055|287|P-055|00
002|288|P-002|02|FY
067|289|P-067|02|JI
084|290|P-084|02|NN
032|291|P-032|01|38|38|100
042|292|P-042|02|KM
048|293|P-048|01|46|151|100
033|294|P-033|02|QV
076|295|P-076|00
059|298|P-059|01|96|289|100
095|296|P-095|00
045|297|P-045|00
080|299|P-080|00
079|300|P-079|01|28|28|100
065|302|P-065|02|XP
092|301|P-092|00
058|303|P-058|01|69|69|100
061|304|P-061|01|127|131|100
052|305|P-052|01|5|205|100
098|306|P-098|00
013|307|P-013|00
097|308|P-097|01|26|26|100
037|309|P-037|00
009|310|P-009|02|QH
052|311|P-052|02|PD
066|312|P-066|01|71|78|100
075|314|P-075|00
050|315|P-050|00
021|317|P-021|00
049|318|P-049|00
083|319|P-083|00
024|313|P-024|01|119|119|100
032|321|P-032|00
054|316|P-054|01|1|1|100
006|320|P-006|01|122|122|100
089|322|P-089|01|34|211|100
090|323|P-090|01|50|198|100
084|324|P-084|01|65|186|100
056|325|P-056|00
027|326|P-027|01|123|383|100
075|327|P-075|02|AZ
017|328|P-017|02|OL
013|330|P-013|00
044|329|P-044|01|9|108|100
069|331|P-069|00
084|332|P-084|00
058|334|P-058|00
071|335|P-071|00
098|333|P-098|02|VI
011|338|P-011|00
003|340|P-003|00
083|336|P-083|01|148|221|100
097|337|P-097|02|PE
000|339|P-000|02|LB
062|341|P-062|00
020|345|P-020|00
036|347|P-036|00
037|349|P-037|00
018|342|P-018|01|27|238|100
080|343|P-080|01|136|436|100
037|344|P-037|01|37|37|100
094|346|P-094|02|CK
026|348|P-026|02|NU
096|350|P-096|01|56|56|100
019|351|P-019|02|BS
083|353|P-083|01|28|249|100
075|357|P-075|01|40|117|100
055|358|P-055|02|LC
001|359|P-001|01|9|9|100
076|360|P-076|01|4|17|100
079|352|P-079|00
033|354|P-033|00
019|361|P-019|01|99|99|100
065|355|P-065|00
075|364|P-075|01|17|134|100
078|366|P-078|02|HL
000|356|P-000|00
043|362|P-043|00
013|363|P-013|00
080|365|P-080|00
034|367|P-034|00
073|368|P-073|02|ZY
027|369|P-027|02|JF
077|371|P-077|00
049|370|P-049|01|18|18|100
002|373|P-002|00
078|372|P-078|02|PB
075|374|P-075|01|61|195|100
078|375|P-078|01|77|228|100
036|376|P-036|01|72|72|100
071|378|P-071|00
050|377|P-050|02|EI
064|379|P-064|00
092|380|P-092|02|YY
034|382|P-034|00
039|381|P-039|01|62|62|100
079|383|P-079|01|107|135|100
049|385|P-049|02|QJ
035|384|P-035|00
090|386|P-090|00
041|387|P-041|01|53|119|100
040|388|P-040|01|46|170|100
064|389|P-064|01|98|289|100
035|392|P-035|00
037|393|P-037|00
018|397|P-018|00
071|390|P-071|02|ER
068|391|P-068|01|98|110|100
073|394|P-073|01|101|101|100
055|395|P-055|01|33|134|100
093|396|P-093|01|28|28|100
059|400|P-059|00
041|401|P-041|00
015|402|P-015|00
061|405|P-061|00
019|406|P-019|00
005|398|P-005|01|24|24|100
061|399|P-061|01|69|200|100
007|403|P-007|02|QU
038|404|P-038|02|NH
056|408|P-056|00
085|412|P-085|00
001|407|P-001|02|FA
081|409|P-081|02|WI
082|410|P-082|01|21|21|100
023|414|P-023|00
009|415|P-009|00
087|420|P-087|00
064|411|P-064|01|23|312|100
006|413|P-006|01|65|187|100
099|416|P-099|01|81|81|100
006|417|P-006|01|134|321|100
021|418|P-021|01|42|42|100
077|424|P-077|00
049|419|P-049|01|42|60|100
072|421|P-072|02|XX
014|422|P-014|01|142|284|100
054|423|P-054|01|10|11|100
070|427|P-070|00
061|425|P-061|01|136|336|100
093|426|P-093|02|LN
060|428|P-060|00
030|429|P-030|00
001|431|P-001|00
044|430|P-044|01|35|143|100
043|432|P-043|00
031|433|P-031|00
028|434|P-028|02|QI
063|435|P-063|00
068|436|P-068|00
095|437|P-095|00
002|438|P-002|00
048|439|P-048|00
016|440|P-016|00
003|441|P-003|01|65|65|100
080|442|P-080|01|149|585|100
062|447|P-062|00
089|443|P-089|01|65|276|100
014|444|P-014|01|60|344|100
044|445|P-044|01|66|209|100
021|446|P-021|02|NE
013|448|P-013|02|JI
073|449|P-073|01|131|232|100
059|450|P-059|01|44|333|100
031|451|P-031|02|SE
060|452|P-060|02|AZ
099|454|P-099|00
004|455|P-004|00
015|457|P-015|00
034|453|P-034|02|MN
071|460|P-071|00
048|464|P-048|00
059|465|P-059|00
036|468|P-036|00
050|469|P-050|00
003|470|P-003|00
018|456|P-018|01|4|242|100
039|458|P-039|01|41|103|100
070|459|P-070|02|GI
007|461|P-007|02|CO
052|462|P-052|02|PE
025|463|P-025|02|GV
079|466|P-079|02|TJ
039|467|P-039|02|CZ
077|471|P-077|00
070|472|P-070|02|VU
073|473|P-073|00
032|474|P-032|00
030|478|P-030|00
025|479|P-025|00
090|475|P-090|01|81|279|100
044|476|P-044|02|AY
086|477|P-086|02|JW
043|480|P-043|02|US
069|481|P-069|01|64|238|100
004|482|P-004|02|OR
077|483|P-077|01|68|249|100
034|484|P-034|01|108|108|100
034|485|P-034|02|IH
057|486|P-057|01|103|186|100
084|489|P-084|00
023|487|P-023|01|71|221|100
016|488|P-016|02|TQ
018|490|P-018|02|XI
050|491|P-050|02|EY
045|494|P-045|01|0|7|100
033|495|P-033|01|124|309|100
083|497|P-083|02|BN
081|499|P-081|01|58|192|100
063|500|P-063|02|ED
020|501|P-020|02|OS
046|503|P-046|02|KM
000|504|P-000|02|RI
075|505|P-075|01|125|320|100
010|506|P-010|01|109|109|100
027|508|P-027|02|XV
071|509|P-071|02|TY
006|492|P-006|00
019|493|P-019|00
089|496|P-089|00
085|498|P-085|00
007|502|P-007|00
067|507|P-067|00
014|510|P-014|00
019|511|P-019|00
059|512|P-059|00
031|513|P-031|02|KS
030|514|P-030|02|SX
033|515|P-033|02|EU
059|518|P-059|00
034|520|P-034|00
099|522|P-099|00
017|516|P-017|02|BU
091|517|P-091|02|UY
015|519|P-015|01|105|105|100
046|528|P-046|00
004|521|P-004|01|35|110|100
052|523|P-052|02|TY
043|529|P-043|00
091|524|P-091|02|HG
066|525|P-066|01|130|208|100
092|526|P-092|02|RJ
072|527|P-072|02|TS
043|530|P-043|01|118|118|100
025|531|P-025|01|39|125|100
010|532|P-010|02|QW
063|533|P-063|02|GW
007|535|P-007|00
074|534|P-074|01|131|151|100
018|536|P-018|01|110|352|100
039|537|P-039|01|20|123|100
053|538|P-053|00
024|539|P-024|01|110|229|100
024|540|P-024|00
056|541|P-056|02|YZ
071|542|P-071|01|6|173|100
034|543|P-034|00
016|544|P-016|02|UY
076|545|P-076|01|74|91|100
046|546|P-046|01|17|157|100
084|547|P-084|02|SD
002|549|P-002|00
068|548|P-068|01|94|204|100
013|550|P-013|01|127|297|100
087|551|P-087|02|MF
093|552|P-093|00
004|553|P-004|00
025|555|P-025|02|MW
089|556|P-089|02|AM
052|558|P-052|01|41|246|100
089|559|P-089|02|LV
003|560|P-003|02|SY
022|562|P-022|01|1|154|100
051|563|P-051|02|KA
056|566|P-056|01|68|113|100
014|567|P-014|01|20|364|100
073|569|P-073|01|4|236|100
075|554|P-075|00
028|571|P-028|01|146|168|100
053|557|P-053|00
055|561|P-055|00
021|564|P-021|00
068|565|P-068|00
050|568|P-050|00
045|570|P-045|00
001|572|P-001|01|2|11|100
035|573|P-035|02|PA
054|574|P-054|01|110|121|100
045|575|P-045|01|9|16|100
030|576|P-030|02|IP
046|577|P-046|00
034|588|P-034|00
044|578|P-044|01|68|277|100
061|579|P-061|01|133|469|100
025|580|P-025|01|24|149|100
083|581|P-083|02|AY
025|582|P-025|02|YA
001|583|P-001|01|26|37|100
068|584|P-068|01|117|321|100
025|585|P-025|01|9|158|100
070|586|P-070|02|CZ
099|587|P-099|01|121|202|100
032|589|P-032|02|BP
066|590|P-066|01|28|236|100
044|591|P-044|02|YO
071|592|P-071|01|9|182|100
014|593|P-014|01|130|494|100
016|594|P-016|01|35|217|100
054|595|P-054|02|DO
007|596|P-007|02|OS
037|597|P-037|02|BZ
063|598|P-063|01|97|97|100
037|599|P-037|00
012|600|P-012|02|FV
060|601|P-060|02|KO
033|602|P-033|02|SP
082|603|P-082|01|20|41|100
087|604|P-087|02|WK
029|605|P-029|02|BM
080|606|P-080|00
049|607|P-049|01|107|167|100
003|610|P-003|00
083|608|P-083|02|MO
096|609|P-096|02|KC
031|612|P-031|00
046|611|P-046|02|PE
048|613|P-048|01|41|192|100
074|614|P-074|01|47|198|100
032|615|P-032|02|PZ
095|616|P-095|01|13|13|100
088|627|P-088|00
057|630|P-057|00
006|633|P-006|00
064|634|P-064|00
097|617|P-097|01|82|108|100
094|635|P-094|00
019|638|P-019|00
034|618|P-034|01|39|147|100
017|643|P-017|00
082|619|P-082|02|KM
038|620|P-038|02|SN
002|621|P-002|02|CN
075|645|P-075|00
052|622|P-052|01|96|342|100
003|623|P-003|02|VR
026|624|P-026|02|OV
039|625|P-039|02|YO
081|626|P-081|02|WP
003|628|P-003|01|133|198|100
008|629|P-008|01|136|136|100
095|631|P-095|02|PD
063|632|P-063|01|17|114|100
023|636|P-023|01|114|335|100
006|637|P-006|02|SN
035|639|P-035|02|ZE
035|640|P-035|02|XZ
059|641|P-059|02|LW
047|642|P-047|01|53|335|100
068|644|P-068|02|WE
079|646|P-079|01|89|224|100
096|648|P-096|02|HG
003|649|P-003|02|ZC
043|650|P-043|01|110|228|100
038|651|P-038|02|DI
019|653|P-019|02|UB
007|654|P-007|01|2|67|100
062|655|P-062|02|TV
056|656|P-056|01|107|220|100
091|660|P-091|01|35|157|100
078|662|P-078|02|BK
044|665|P-044|02|BL
063|666|P-063|01|130|244|100
014|647|P-014|00
058|652|P-058|00
010|657|P-010|00
005|658|P-005|00
002|659|P-002|00
048|661|P-048|00
087|663|P-087|00
063|664|P-063|00
087|667|P-087|00
029|673|P-029|00
095|679|P-095|00
064|668|P-064|02|VP
039|669|P-039|02|KX
067|670|P-067|01|3|566|100
081|671|P-081|02|BN
097|672|P-097|02|GQ
078|674|P-078|02|FX
044|675|P-044|01|90|367|100
008|681|P-008|00
043|686|P-043|00
031|676|P-031|02|GU
020|677|P-020|01|148|209|100
077|678|P-077|02|WB
022|680|P-022|01|15|169|100
096|682|P-096|01|64|120|100
032|683|P-032|01|109|147|100
045|684|P-045|01|13|29|100
003|685|P-003|01|94|292|100
080|687|P-080|01|77|662|100
036|688|P-036|01|48|120|100
006|689|P-006|00
078|691|P-078|00
097|693|P-097|00
032|694|P-032|00
020|696|P-020|00
003|701|P-003|00
003|706|P-003|00
082|708|P-082|00
057|690|P-057|02|HP
074|692|P-074|01|131|329|100
079|695|P-079|01|106|330|100
043|697|P-043|01|12|240|100
090|698|P-090|01|19|298|100
053|699|P-053|02|QF
039|700|P-039|02|XJ
088|702|P-088|02|WN
037|703|P-037|02|UJ
077|704|P-077|02|QN
069|705|P-069|01|48|286|100
075|707|P-075|01|63|383|100
080|710|P-080|01|145|807|100
005|711|P-005|02|PC
036|712|P-036|02|RL
035|715|P-035|02|OU
051|716|P-051|01|105|105|100
065|717|P-065|01|125|125|100
066|718|P-066|02|NN
056|709|P-056|00
038|713|P-038|00
068|714|P-068|00
045|719|P-045|00
003|720|P-003|00
077|721|P-077|00
059|722|P-059|02|GZ
031|723|P-031|01|3|28|100
011|724|P-011|02|ET
049|725|P-049|02|JV
078|726|P-078|01|65|293|100
071|727|P-071|00
020|729|P-020|00
058|728|P-058|02|ET
073|732|P-073|00
040|734|P-040|00
059|730|P-059|01|49|382|100
048|731|P-048|01|95|287|100
041|737|P-041|00
010|733|P-010|01|62|171|100
015|735|P-015|01|48|153|100
082|742|P-082|00
056|745|P-056|00
029|736|P-029|01|118|184|100
087|747|P-087|00
029|738|P-029|02|QR
090|739|P-090|01|147|445|100
092|740|P-092|02|VR
024|741|P-024|01|122|351|100
057|743|P-057|02|LC
037|744|P-037|02|OF
083|749|P-083|00
005|746|P-005|01|108|132|100
003|748|P-003|01|9|301|100
059|750|P-059|01|115|497|100
029|751|P-029|02|EG
062|752|P-062|02|SL
019|753|P-019|01|148|247|100
000|763|P-000|00
009|766|P-009|00
094|754|P-094|01|63|98|100
093|755|P-093|02|OD
055|756|P-055|01|64|198|100
089|757|P-089|01|77|353|100
070|758|P-070|01|147|281|100
022|759|P-022|01|5|174|100
040|760|P-040|02|GC
040|761|P-040|01|39|209|100
033|762|P-033|01|111|420|100
079|764|P-079|02|NH
036|765|P-036|02|NS
066|767|P-066|01|140|376|100
011|768|P-011|02|KX
008|769|P-008|01|1|137|100
003|770|P-003|02|QM
096|771|P-096|00
026|772|P-026|00
025|773|P-025|00
094|774|P-094|00
051|775|P-051|00
002|778|P-002|00
046|782|P-046|00
068|776|P-068|02|JV
019|777|P-019|01|52|299|100
073|779|P-073|01|100|336|100
006|780|P-006|02|TV
043|781|P-043|01|125|365|100
084|783|P-084|02|PR
019|784|P-019|01|110|409|100
077|785|P-077|01|15|264|100
000|786|P-000|02|UK
075|787|P-075|02|RB
087|788|P-087|02|VJ
055|789|P-055|01|117|315|100
045|790|P-045|01|35|64|100
087|791|P-087|00
064|792|P-064|00
017|795|P-017|00
074|796|P-074|00
067|798|P-067|00
021|799|P-021|00
061|801|P-061|00
037|793|P-037|02|AJ
072|794|P-072|01|36|36|100
086|804|P-086|00
050|805|P-050|00
028|806|P-028|00
017|809|P-017|00
072|797|P-072|01|125|161|100
056|800|P-056|02|YR
007|802|P-007|01|72|139|100
083|803|P-083|01|50|299|100
010|807|P-010|01|134|305|100
046|808|P-046|01|61|218|100
096|810|P-096|02|EA
049|812|P-049|01|129|296|100
045|813|P-045|01|129|193|100
058|814|P-058|02|IW
051|815|P-051|01|129|234|100
040|816|P-040|01|140|349|100
038|819|P-038|01|105|235|100
080|821|P-080|01|117|924|100
074|822|P-074|02|TW
088|826|P-088|02|JI
075|828|P-075|01|64|447|100
024|829|P-024|01|107|458|100
008|831|P-008|01|16|153|100
070|811|P-070|00
098|817|P-098|00
025|818|P-025|00
050|820|P-050|00
050|823|P-050|00
004|824|P-004|00
059|825|P-059|00
042|827|P-042|00
019|830|P-019|00
002|835|P-002|00
010|832|P-010|01|13|318|100
038|838|P-038|00
020|840|P-020|00
057|842|P-057|00
071|833|P-071|02|AN
026|834|P-026|02|UO
096|836|P-096|02|DA
023|837|P-023|01|33|368|100
025|839|P-025|01|88|246|100
077|846|P-077|00
031|841|P-031|02|AN
050|843|P-050|02|NW
057|848|P-057|00
002|844|P-002|01|6|44|100
023|845|P-023|01|43|411|100
058|847|P-058|01|79|148|100
093|849|P-093|02|RR
096|850|P-096|01|46|166|100
059|851|P-059|02|JP
027|852|P-027|01|31|414|100
073|853|P-073|01|107|443|100
054|854|P-054|01|1|122|100
095|855|P-095|02|SN
077|856|P-077|00
009|858|P-009|01|116|147|100
072|859|P-072|01|78|239|100
042|861|P-042|01|61|263|100
070|862|P-070|01|53|334|100
003|863|P-003|02|RT
046|865|P-046|02|PM
039|866|P-039|01|134|257|100
014|868|P-014|01|130|624|100
076|869|P-076|01|28|119|100
023|871|P-023|01|113|524|100
067|872|P-067|01|108|674|100
023|873|P-023|02|GW
009|874|P-009|02|CD
050|876|P-050|02|OD
060|879|P-060|02|GV
024|881|P-024|02|EG
086|883|P-086|01|132|149|100
050|885|P-050|02|HQ
058|886|P-058|01|71|219|100
034|887|P-034|02|DZ
082|891|P-082|02|ND
079|892|P-079|02|TI
052|893|P-052|01|41|383|100
001|894|P-001|01|19|56|100
060|896|P-060|01|112|253|100
066|897|P-066|02|LK
057|898|P-057|02|CY
004|857|P-004|00
082|860|P-082|00
087|864|P-087|00
013|867|P-013|00
034|870|P-034|00
048|875|P-048|00
052|877|P-052|00
053|878|P-053|00
015|880|P-015|00
080|882|P-080|00
081|884|P-081|00
076|888|P-076|00
008|889|P-008|00
054|890|P-054|00
096|895|P-096|00
009|899|P-009|00
055|900|P-055|00
001|901|P-001|00
041|902|P-041|00
083|903|P-083|01|73|372|100
005|904|P-005|01|121|253|100
063|905|P-063|02|EV
011|907|P-011|01|147|202|100
028|908|P-028|02|JE
058|906|P-058|00
050|909|P-050|00
037|910|P-037|02|PP
064|911|P-064|00
095|912|P-095|00
049|918|P-049|00
059|919|P-059|00
031|921|P-031|00
096|913|P-096|01|84|250|100
080|914|P-080|02|GR
073|915|P-073|01|0|443|100
035|916|P-035|02|CZ
081|923|P-081|00
008|917|P-008|02|ZV
005|920|P-005|01|75|328|100
042|922|P-042|01|96|359|100
064|924|P-064|00
036|926|P-036|02|EJ
041|925|P-041|00
001|927|P-001|01|54|110|100
016|928|P-016|02|SU
081|929|P-081|00
013|935|P-013|00
018|945|P-018|00
063|949|P-063|00
088|950|P-088|00
080|930|P-080|01|53|977|100
029|931|P-029|02|VI
076|932|P-076|02|GQ
022|933|P-022|01|9|183|100
093|934|P-093|02|AJ
085|936|P-085|02|IR
096|937|P-096|02|KL
020|938|P-020|02|ZQ
088|939|P-088|02|UD
074|940|P-074|02|NL
005|941|P-005|01|113|441|100
009|942|P-009|02|HM
060|943|P-060|02|PC
043|944|P-043|01|76|441|100
083|946|P-083|02|EW
077|947|P-077|01|92|356|100
001|952|P-001|00
031|953|P-031|00
011|960|P-011|00
007|964|P-007|00
057|966|P-057|00
097|968|P-097|00
073|971|P-073|00
077|975|P-077|00
033|977|P-033|00
063|978|P-063|00
016|980|P-016|00
014|981|P-014|00
055|982|P-055|00
086|987|P-086|00
059|992|P-059|00
020|993|P-020|00
090|948|P-090|01|87|532|100
033|951|P-033|01|117|537|100
075|954|P-075|02|FD
075|955|P-075|02|YV
042|956|P-042|02|TS
006|957|P-006|01|39|360|100
000|958|P-000|01|72|79|100
017|959|P-017|01|54|149|100
001|961|P-001|01|38|148|100
090|962|P-090|01|140|672|100
003|963|P-003|01|49|350|100
036|965|P-036|02|TI
034|967|P-034|01|66|213|100
036|969|P-036|02|YC
088|970|P-088|01|86|241|100
091|972|P-091|02|VR
061|973|P-061|02|DH
093|974|P-093|01|52|80|100
051|976|P-051|02|IX
073|979|P-073|01|40|483|100
022|983|P-022|01|90|273|100
099|984|P-099|02|QG
079|985|P-079|02|DX
016|986|P-016|02|NS
013|988|P-013|02|NT
046|989|P-046|01|140|358|100
011|990|P-011|02|CJ
090|991|P-090|02|IY
029|994|P-029|02|RT
000|995|P-000|01|68|147|100
051|996|P-051|01|11|245|100
040|997|P-040|02|CG
072|999|P-072|02|TO
083|998|P-083|00
018|000|P-018|00
011|001|P-011|00
007|005|P-007|00
085|002|P-085|01|75|75|100
051|003|P-051|02|CI
025|004|P-025|01|79|79|100
081|006|P-081|01|134|134|100
068|009|P-068|00
013|007|P-013|01|22|22|100
067|008|P-067|01|115|115|100
028|010|P-028|00
032|011|P-032|00
084|012|P-084|00
052|013|P-052|00
080|014|P-080|01|94|94|100
018|015|P-018|01|143|143|100
080|016|P-080|00
050|017|P-050|02|RX
014|018|P-014|00
069|020|P-069|01|84|84|100
067|019|P-067|00
044|021|P-044|02|DJ
071|022|P-071|01|72|72|100
065|024|P-065|02|QO
056|029|P-056|02|BT
032|023|P-032|00
097|025|P-097|00
034|026|P-034|00
075|027|P-075|00
053|028|P-053|00
027|030|P-027|01|75|75|100
029|031|P-029|00
080|032|P-080|00
070|033|P-070|01|134|134|100
087|034|P-087|02|EO
060|035|P-060|01|131|131|100
068|036|P-068|01|12|12|100
040|039|P-040|00
096|037|P-096|02|ZO
082|038|P-082|02|NA
062|040|P-062|02|VN
015|041|P-015|00
030|042|P-030|02|VP
071|043|P-071|01|47|119|100
076|044|P-076|01|13|13|100
004|045|P-004|00
024|046|P-024|00
007|047|P-007|00
027|048|P-027|02|VF
055|049|P-055|00
083|050|P-083|01|73|73|100
075|051|P-075|02|YX
089|053|P-089|01|69|69|100
036|052|P-036|00
094|054|P-094|00
040|055|P-040|02|HT
042|056|P-042|02|VJ
013|057|P-013|01|148|170|100
014|058|P-014|02|NQ
064|059|P-064|01|58|58|100
080|060|P-080|01|129|223|100
025|061|P-025|02|FY
059|062|P-059|02|CG
044|063|P-044|02|KP
046|064|P-046|02|ZX
073|065|P-073|02|SI
095|072|P-095|00
080|066|P-080|01|77|300|100
064|067|P-064|01|64|122|100
047|068|P-047|01|134|134|100
078|069|P-078|01|26|26|100
052|070|P-052|01|81|81|100
090|071|P-090|01|53|53|100
052|073|P-052|01|119|200|100
071|074|P-071|01|48|167|100
024|075|P-024|02|VD
077|076|P-077|01|126|126|100
048|077|P-048|01|83|83|100
056|078|P-056|01|45|45|100
000|081|P-000|02|ME
033|082|P-033|02|OW
057|079|P-057|00
090|080|P-090|00
080|083|P-080|00
068|084|P-068|00
045|085|P-045|00
059|086|P-059|00
013|087|P-013|00
066|088|P-066|01|7|7|100
004|090|P-004|01|75|75|100
020|089|P-020|00
075|091|P-075|01|77|77|100
055|093|P-055|01|101|101|100
026|092|P-026|00
022|095|P-022|00
088|094|P-088|01|127|127|100
088|096|P-088|01|28|155|100
018|097|P-018|01|68|211|100
077|099|P-077|00
025|098|P-025|02|FW
069|100|P-069|01|39|123|100
043|101|P-043|02|VE
041|109|P-041|00
087|102|P-087|01|102|102|100
099|110|P-099|00
043|103|P-043|02|IN
071|112|P-071|00
073|104|P-073|02|VU
012|105|P-012|02|MQ
016|106|P-016|01|85|85|100
098|107|P-098|01|91|91|100
084|108|P-084|02|OR
028|111|P-028|02|DJ
001|113|P-001|02|QH
060|114|P-060|01|10|141|100
036|120|P-036|00
098|122|P-098|00
002|123|P-002|00
073|124|P-073|00
090|125|P-090|00
002|126|P-002|00
095|129|P-095|00
062|115|P-062|02|NJ
020|116|P-020|02|EW
077|117|P-077|01|31|157|100
042|118|P-042|01|5|5|100
017|119|P-017|02|BO
011|121|P-011|01|55|55|100
089|127|P-089|01|108|177|100
099|128|P-099|02|ZP
046|132|P-046|01|140|140|100
009|133|P-009|01|31|31|100
067|134|P-067|01|57|172|100
049|135|P-049|02|CY
019|136|P-019|02|EU
072|138|P-072|02|BW
027|139|P-027|02|KL
002|140|P-002|01|38|38|100
097|130|P-097|00
007|131|P-007|00
017|137|P-017|00
002|141|P-002|00
099|142|P-099|00
017|143|P-017|01|95|95|100
050|144|P-050|00
043|145|P-043|00
079|147|P-079|00
007|146|P-007|01|65|65|100
028|148|P-028|00
026|149|P-026|01|94|94|100
073|152|P-073|00
001|150|P-001|02|HU
014|151|P-014|01|142|142|100
098|153|P-098|02|CX
022|154|P-022|01|13|13|100
054|155|P-054|00
029|156|P-029|01|66|66|100
023|157|P-023|00
061|158|P-061|02|LD
048|159|P-048|00
078|161|P-078|02|JR
063|160|P-063|00
039|162|P-039|00
087|163|P-087|00
043|164|P-043|00
089|166|P-089|00
037|165|P-037|02|KO
067|167|P-067|01|121|293|100
070|168|P-070|02|UP
054|169|P-054|02|OY
040|170|P-040|02|IA
073|173|P-073|00
064|171|P-064|02|IB
009|172|P-009|02|HV
025|174|P-025|02|HY
094|176|P-094|01|35|35|100
002|177|P-002|02|XN
026|178|P-026|01|60|154|100
057|180|P-057|02|PX
033|181|P-033|02|CP
072|182|P-072|02|XR
023|183|P-023|02|YQ
009|184|P-009|02|ZY
052|175|P-052|00
024|179|P-024|00
006|187|P-006|00
016|188|P-016|00
065|193|P-065|00
067|185|P-067|01|132|425|100
028|186|P-028|01|22|22|100
044|195|P-044|00
034|197|P-034|00
005|189|P-005|02|WI
059|190|P-059|01|20|20|100
033|191|P-033|01|81|81|100
041|192|P-041|01|66|66|100
045|201|P-045|00
048|206|P-048|00
043|208|P-043|00
038|194|P-038|01|130|130|100
031|196|P-031|01|25|25|100
098|210|P-098|00
000|198|P-000|01|7|7|100
074|199|P-074|01|20|20|100
014|200|P-014|02|RB
023|202|P-023|02|NR
051|203|P-051|02|YQ
069|204|P-069|01|51|174|100
020|205|P-020|02|JO
061|211|P-061|00
090|213|P-090|00
085|218|P-085|00
026|219|P-026|00
030|220|P-030|00
004|224|P-004|00
086|226|P-086|00
045|207|P-045|01|7|7|100
088|209|P-088|02|OT
039|230|P-039|00
032|234|P-032|00
001|212|P-001|02|GE
043|240|P-043|00
091|214|P-091|01|122|122|100
017|215|P-017|02|RO
035|216|P-035|02|GD
012|217|P-012|01|19|19|100
098|221|P-098|02|VL
064|222|P-064|01|69|191|100
006|223|P-006|02|FN
096|225|P-096|02|NX
001|227|P-001|02|FF
048|228|P-048|01|22|105|100
078|229|P-078|02|HK
025|231|P-025|01|7|86|100
081|232|P-081|02|JD
080|233|P-080|02|UJ
082|235|P-082|02|GM
020|236|P-020|01|61|61|100
033|237|P-033|01|104|185|100
095|238|P-095|02|TH
074|239|P-074|02|NH
023|241|P-023|01|150|150|100
059|242|P-059|01|75|95|100
044|243|P-044|01|99|99|100
030|244|P-030|01|20|20|100
050|245|P-050|01|56|56|100
014|246|P-014|02|ZX
070|248|P-070|00
006|247|P-006|02|ZP
076|250|P-076|00
011|255|P-011|00
016|249|P-016|01|97|182|100
075|257|P-075|00
086|251|P-086|02|OB
042|252|P-042|01|77|82|100
098|253|P-098|01|46|137|100
061|258|P-061|00
029|254|P-029|02|XT
072|256|P-072|02|VS
003|266|P-003|00
013|273|P-013|00
093|278|P-093|00
022|259|P-022|01|140|153|100
057|260|P-057|01|83|83|100
078|261|P-078|01|125|151|100
070|262|P-070|02|GD
090|263|P-090|01|95|148|100
059|264|P-059|01|98|193|100
086|265|P-086|01|17|17|100
047|267|P-047|01|14|148|100
096|268|P-096|02|CX
027|269|P-027|01|58|133|100
047|270|P-047|01|134|282|100
084|271|P-084|01|121|121|100
049|272|P-049|02|AG
015|274|P-015|02|ZX
027|275|P-027|01|127|260|100
022|280|P-022|00
067|276|P-067|01|138|563|100
094|277|P-094|02|JR
069|279|P-069|02|CS
051|283|P-051|00
051|281|P-051|02|XX
055|287|P-055|00
077|282|P-077|01|24|181|100
040|284|P-040|01|124|124|100
042|285|P-042|01|120|202|100
061|286|P-061|01|4|4|100
002|288|P-002|02|FY
067|289|P-067|02|JI
084|290|P-084|02|NN
032|291|P-032|01|38|38|100
076|295|P-076|00
042|292|P-042|02|KM
095|296|P-095|00
048|293|P-048|01|46|151|100
033|294|P-033|02|QV
045|297|P-045|00
080|299|P-080|00
059|298|P-059|01|96|289|100
079|300|P-079|01|28|28|100
065|302|P-065|02|XP
092|301|P-092|00
098|306|P-098|00
013|307|P-013|00
037|309|P-037|00
058|303|P-058|01|69|69|100
061|304|P-061|01|127|131|100
052|305|P-052|01|5|205|100
097|308|P-097|01|26|26|100
009|310|P-009|02|QH
052|311|P-052|02|PD
066|312|P-066|01|71|78|100
024|313|P-024|01|119|119|100
075|314|P-075|00
050|315|P-050|00
021|317|P-021|00
054|316|P-054|01|1|1|100
049|318|P-049|00
083|319|P-083|00
032|321|P-032|00
006|320|P-006|01|122|122|100
089|322|P-089|01|34|211|100
090|323|P-090|01|50|198|100
084|324|P-084|01|65|186|100
056|325|P-056|00
027|326|P-027|01|123|383|100
075|327|P-075|02|AZ
017|328|P-017|02|OL
013|330|P-013|00
044|329|P-044|01|9|108|100
069|331|P-069|00
084|332|P-084|00
058|334|P-058|00
071|335|P-071|00
098|333|P-098|02|VI
011|338|P-011|00
003|340|P-003|00
062|341|P-062|00
083|336|P-083|01|148|221|100
097|337|P-097|02|PE
000|339|P-000|02|LB
020|345|P-020|00
018|342|P-018|01|27|238|100
036|347|P-036|00
080|343|P-080|01|136|436|100
037|349|P-037|00
037|344|P-037|01|37|37|100
094|346|P-094|02|CK
026|348|P-026|02|NU
096|350|P-096|01|56|56|100
019|351|P-019|02|BS
083|353|P-083|01|28|249|100
075|357|P-075|01|40|117|100
055|358|P-055|02|LC
079|352|P-079|00
033|354|P-033|00
065|355|P-065|00
000|356|P-000|00
001|359|P-001|01|9|9|100
076|360|P-076|01|4|17|100
019|361|P-019|01|99|99|100
043|362|P-043|00
013|363|P-013|00
080|365|P-080|00
075|364|P-075|01|17|134|100
078|366|P-078|02|HL
034|367|P-034|00
077|371|P-077|00
002|373|P-002|00
073|368|P-073|02|ZY
027|369|P-027|02|JF
049|370|P-049|01|18|18|100
071|378|P-071|00
078|372|P-078|02|PB
075|374|P-075|01|61|195|100
078|375|P-078|01|77|228|100
036|376|P-036|01|72|72|100
064|379|P-064|00
050|377|P-050|02|EI
034|382|P-034|00
092|380|P-092|02|YY
039|381|P-039|01|62|62|100
079|383|P-079|01|107|135|100
035|384|P-035|00
090|386|P-090|00
049|385|P-049|02|QJ
041|387|P-041|01|53|119|100
040|388|P-040|01|46|170|100
064|389|P-064|01|98|289|100
071|390|P-071|02|ER
068|391|P-068|01|98|110|100
073|394|P-073|01|101|101|100
035|392|P-035|00
055|395|P-055|01|33|134|100
037|393|P-037|00
093|396|P-093|01|28|28|100
018|397|P-018|00
005|398|P-005|01|24|24|100
061|399|P-061|01|69|200|100
007|403|P-007|02|QU
059|400|P-059|00
038|404|P-038|02|NH
001|407|P-001|02|FA
041|401|P-041|00
015|402|P-015|00
061|405|P-061|00
019|406|P-019|00
056|408|P-056|00
085|412|P-085|00
023|414|P-023|00
009|415|P-009|00
081|409|P-081|02|WI
087|420|P-087|00
082|410|P-082|01|21|21|100
077|424|P-077|00
064|411|P-064|01|23|312|100
070|427|P-070|00
006|413|P-006|01|65|187|100
099|416|P-099|01|81|81|100
006|417|P-006|01|134|321|100
021|418|P-021|01|42|42|100
049|419|P-049|01|42|60|100
072|421|P-072|02|XX
014|422|P-014|01|142|284|100
054|423|P-054|01|10|11|100
061|425|P-061|01|136|336|100
093|426|P-093|02|LN
060|428|P-060|00
030|429|P-030|00
001|431|P-001|00
043|432|P-043|00
031|433|P-031|00
063|435|P-063|00
068|436|P-068|00
044|430|P-044|01|35|143|100
028|434|P-028|02|QI
095|437|P-095|00
002|438|P-002|00
048|439|P-048|00
003|441|P-003|01|65|65|100
080|442|P-080|01|149|585|100
089|443|P-089|01|65|276|100
014|444|P-014|01|60|344|100
044|445|P-044|01|66|209|100
021|446|P-021|02|NE
013|448|P-013|02|JI
073|449|P-073|01|131|232|100
059|450|P-059|01|44|333|100
031|451|P-031|02|SE
060|452|P-060|02|AZ
034|453|P-034|02|MN
018|456|P-018|01|4|242|100
039|458|P-039|01|41|103|100
070|459|P-070|02|GI
007|461|P-007|02|CO
016|440|P-016|00
062|447|P-062|00
099|454|P-099|00
004|455|P-004|00
015|457|P-015|00
071|460|P-071|00
048|464|P-048|00
059|465|P-059|00
036|468|P-036|00
050|469|P-050|00
003|470|P-003|00
077|471|P-077|00
073|473|P-073|00
032|474|P-032|00
030|478|P-030|00
025|479|P-025|00
052|462|P-052|02|PE
025|463|P-025|02|GV
079|466|P-079|02|TJ
039|467|P-039|02|CZ
070|472|P-070|02|VU
090|475|P-090|01|81|279|100
044|476|P-044|02|AY
086|477|P-086|02|JW
043|480|P-043|02|US
069|481|P-069|01|64|238|100
084|489|P-084|00
004|482|P-004|02|OR
077|483|P-077|01|68|249|100
034|484|P-034|01|108|108|100
034|485|P-034|02|IH
057|486|P-057|01|103|186|100
023|487|P-023|01|71|221|100
006|492|P-006|00
019|493|P-019|00
016|488|P-016|02|TQ
018|490|P-018|02|XI
050|491|P-050|02|EY
045|494|P-045|01|0|7|100
033|495|P-033|01|124|309|100
089|496|P-089|00
085|498|P-085|00
007|502|P-007|00
083|497|P-083|02|BN
081|499|P-081|01|58|192|100
063|500|P-063|02|ED
020|501|P-020|02|OS
046|503|P-046|02|KM
000|504|P-000|02|RI
075|505|P-075|01|125|320|100
010|506|P-010|01|109|109|100
027|508|P-027|02|XV
071|509|P-071|02|TY
067|507|P-067|00
014|510|P-014|00
019|511|P-019|00
059|512|P-059|00
059|518|P-059|00
034|520|P-034|00
099|522|P-099|00
046|528|P-046|00
043|529|P-043|00
007|535|P-007|00
053|538|P-053|00
024|540|P-024|00
034|543|P-034|00
002|549|P-002|00
093|552|P-093|00
004|553|P-004|00
075|554|P-075|00
031|513|P-031|02|KS
030|514|P-030|02|SX
033|515|P-033|02|EU
017|516|P-017|02|BU
091|517|P-091|02|UY
015|519|P-015|01|105|105|100
004|521|P-004|01|35|110|100
052|523|P-052|02|TY
091|524|P-091|02|HG
066|525|P-066|01|130|208|100
092|526|P-092|02|RJ
072|527|P-072|02|TS
043|530|P-043|01|118|118|100
025|531|P-025|01|39|125|100
010|532|P-010|02|QW
063|533|P-063|02|GW
074|534|P-074|01|131|151|100
018|536|P-018|01|110|352|100
039|537|P-039|01|20|123|100
024|539|P-024|01|110|229|100
056|541|P-056|02|YZ
071|542|P-071|01|6|173|100
016|544|P-016|02|UY
076|545|P-076|01|74|91|100
046|546|P-046|01|17|157|100
084|547|P-084|02|SD
068|548|P-068|01|94|204|100
013|550|P-013|01|127|297|100
087|551|P-087|02|MF
025|555|P-025|02|MW
089|556|P-089|02|AM
053|557|P-053|00
052|558|P-052|01|41|246|100
089|559|P-089|02|LV
003|560|P-003|02|SY
022|562|P-022|01|1|154|100
055|561|P-055|00
021|564|P-021|00
068|565|P-068|00
051|563|P-051|02|KA
050|568|P-050|00
045|570|P-045|00
056|566|P-056|01|68|113|100
046|577|P-046|00
014|567|P-014|01|20|364|100
073|569|P-073|01|4|236|100
028|571|P-028|01|146|168|100
001|572|P-001|01|2|11|100
035|573|P-035|02|PA
054|574|P-054|01|110|121|100
045|575|P-045|01|9|16|100
030|576|P-030|02|IP
044|578|P-044|01|68|277|100
061|579|P-061|01|133|469|100
025|580|P-025|01|24|149|100
083|581|P-083|02|AY
025|582|P-025|02|YA
001|583|P-001|01|26|37|100
068|584|P-068|01|117|321|100
025|585|P-025|01|9|158|100
070|586|P-070|02|CZ
034|588|P-034|00
037|599|P-037|00
099|587|P-099|01|121|202|100
032|589|P-032|02|BP
080|606|P-080|00
066|590|P-066|01|28|236|100
044|591|P-044|02|YO
071|592|P-071|01|9|182|100
014|593|P-014|01|130|494|100
016|594|P-016|01|35|217|100
054|595|P-054|02|DO
007|596|P-007|02|OS
037|597|P-037|02|BZ
063|598|P-063|01|97|97|100
012|600|P-012|02|FV
060|601|P-060|02|KO
033|602|P-033|02|SP
082|603|P-082|01|20|41|100
087|604|P-087|02|WK
029|605|P-029|02|BM
049|607|P-049|01|107|167|100
083|608|P-083|02|MO
096|609|P-096|02|KC
003|610|P-003|00
031|612|P-031|00
046|611|P-046|02|PE
048|613|P-048|01|41|192|100
074|614|P-074|01|47|198|100
032|615|P-032|02|PZ
095|616|P-095|01|13|13|100
097|617|P-097|01|82|108|100
034|618|P-034|01|39|147|100
082|619|P-082|02|KM
038|620|P-038|02|SN
002|621|P-002|02|CN
052|622|P-052|01|96|342|100
003|623|P-003|02|VR
026|624|P-026|02|OV
088|627|P-088|00
057|630|P-057|00
006|633|P-006|00
064|634|P-064|00
094|635|P-094|00
019|638|P-019|00
017|643|P-017|00
075|645|P-075|00
039|625|P-039|02|YO
081|626|P-081|02|WP
003|628|P-003|01|133|198|100
008|629|P-008|01|136|136|100
095|631|P-095|02|PD
063|632|P-063|01|17|114|100
023|636|P-023|01|114|335|100
006|637|P-006|02|SN
035|639|P-035|02|ZE
035|640|P-035|02|XZ
059|641|P-059|02|LW
047|642|P-047|01|53|335|100
068|644|P-068|02|WE
014|647|P-014|00
058|652|P-058|00
079|646|P-079|01|89|224|100
096|648|P-096|02|HG
003|649|P-003|02|ZC
043|650|P-043|01|110|228|100
038|651|P-038|02|DI
010|657|P-010|00
005|658|P-005|00
002|659|P-002|00
048|661|P-048|00
087|663|P-087|00
063|664|P-063|00
019|653|P-019|02|UB
007|654|P-007|01|2|67|100
062|655|P-062|02|TV
087|667|P-087|00
056|656|P-056|01|107|220|100
091|660|P-091|01|35|157|100
078|662|P-078|02|BK
044|665|P-044|02|BL
063|666|P-063|01|130|244|100
064|668|P-064|02|VP
039|669|P-039|02|KX
067|670|P-067|01|3|566|100
081|671|P-081|02|BN
097|672|P-097|02|GQ
078|674|P-078|02|FX
029|673|P-029|00
095|679|P-095|00
008|681|P-008|00
043|686|P-043|00
006|689|P-006|00
044|675|P-044|01|90|367|100
031|676|P-031|02|GU
020|677|P-020|01|148|209|100
077|678|P-077|02|WB
022|680|P-022|01|15|169|100
096|682|P-096|01|64|120|100
032|683|P-032|01|109|147|100
045|684|P-045|01|13|29|100
003|685|P-003|01|94|292|100
080|687|P-080|01|77|662|100
036|688|P-036|01|48|120|100
057|690|P-057|02|HP
074|692|P-074|01|131|329|100
079|695|P-079|01|106|330|100
043|697|P-043|01|12|240|100
090|698|P-090|01|19|298|100
053|699|P-053|02|QF
039|700|P-039|02|XJ
088|702|P-088|02|WN
037|703|P-037|02|UJ
077|704|P-077|02|QN
069|705|P-069|01|48|286|100
075|707|P-075|01|63|383|100
078|691|P-078|00
097|693|P-097|00
032|694|P-032|00
020|696|P-020|00
003|701|P-003|00
003|706|P-003|00
082|708|P-082|00
056|709|P-056|00
038|713|P-038|00
068|714|P-068|00
045|719|P-045|00
003|720|P-003|00
077|721|P-077|00
071|727|P-071|00
020|729|P-020|00
073|732|P-073|00
080|710|P-080|01|145|807|100
005|711|P-005|02|PC
036|712|P-036|02|RL
035|715|P-035|02|OU
051|716|P-051|01|105|105|100
065|717|P-065|01|125|125|100
066|718|P-066|02|NN
059|722|P-059|02|GZ
031|723|P-031|01|3|28|100
011|724|P-011|02|ET
049|725|P-049|02|JV
078|726|P-078|01|65|293|100
058|728|P-058|02|ET
059|730|P-059|01|49|382|100
048|731|P-048|01|95|287|100
010|733|P-010|01|62|171|100
040|734|P-040|00
041|737|P-041|00
082|742|P-082|00
056|745|P-056|00
087|747|P-087|00
083|749|P-083|00
000|763|P-000|00
009|766|P-009|00
015|735|P-015|01|48|153|100
029|736|P-029|01|118|184|100
029|738|P-029|02|QR
090|739|P-090|01|147|445|100
092|740|P-092|02|VR
024|741|P-024|01|122|351|100
057|743|P-057|02|LC
037|744|P-037|02|OF
005|746|P-005|01|108|132|100
096|771|P-096|00
003|748|P-003|01|9|301|100
059|750|P-059|01|115|497|100
029|751|P-029|02|EG
062|752|P-062|02|SL
019|753|P-019|01|148|247|100
094|754|P-094|01|63|98|100
093|755|P-093|02|OD
055|756|P-055|01|64|198|100
089|757|P-089|01|77|353|100
070|758|P-070|01|147|281|100
026|772|P-026|00
022|759|P-022|01|5|174|100
040|760|P-040|02|GC
040|761|P-040|01|39|209|100
033|762|P-033|01|111|420|100
079|764|P-079|02|NH
036|765|P-036|02|NS
025|773|P-025|00
094|774|P-094|00
051|775|P-051|00
066|767|P-066|01|140|376|100
011|768|P-011|02|KX
002|778|P-002|00
046|782|P-046|00
008|769|P-008|01|1|137|100
003|770|P-003|02|QM
087|791|P-087|00
064|792|P-064|00
017|795|P-017|00
074|796|P-074|00
067|798|P-067|00
068|776|P-068|02|JV
021|799|P-021|00
061|801|P-061|00
086|804|P-086|00
050|805|P-050|00
028|806|P-028|00
017|809|P-017|00
070|811|P-070|00
098|817|P-098|00
025|818|P-025|00
050|820|P-050|00
050|823|P-050|00
004|824|P-004|00
019|777|P-019|01|52|299|100
059|825|P-059|00
073|779|P-073|01|100|336|100
006|780|P-006|02|TV
042|827|P-042|00
019|830|P-019|00
002|835|P-002|00
043|781|P-043|01|125|365|100
038|838|P-038|00
020|840|P-020|00
057|842|P-057|00
077|846|P-077|00
084|783|P-084|02|PR
019|784|P-019|01|110|409|100
077|785|P-077|01|15|264|100
000|786|P-000|02|UK
075|787|P-075|02|RB
087|788|P-087|02|VJ
055|789|P-055|01|117|315|100
045|790|P-045|01|35|64|100
037|793|P-037|02|AJ
072|794|P-072|01|36|36|100
072|797|P-072|01|125|161|100
056|800|P-056|02|YR
007|802|P-007|01|72|139|100
083|803|P-083|01|50|299|100
010|807|P-010|01|134|305|100
046|808|P-046|01|61|218|100
096|810|P-096|02|EA
049|812|P-049|01|129|296|100
045|813|P-045|01|129|193|100
058|814|P-058|02|IW
051|815|P-051|01|129|234|100
040|816|P-040|01|140|349|100
038|819|P-038|01|105|235|100
080|821|P-080|01|117|924|100
074|822|P-074|02|TW
088|826|P-088|02|JI
075|828|P-075|01|64|447|100
024|829|P-024|01|107|458|100
008|831|P-008|01|16|153|100
010|832|P-010|01|13|318|100
071|833|P-071|02|AN
026|834|P-026|02|UO
096|836|P-096|02|DA
023|837|P-023|01|33|368|100
025|839|P-025|01|88|246|100
031|841|P-031|02|AN
050|843|P-050|02|NW
002|844|P-002|01|6|44|100
023|845|P-023|01|43|411|100
058|847|P-058|01|79|148|100
093|849|P-093|02|RR
096|850|P-096|01|46|166|100
059|851|P-059|02|JP
027|852|P-027|01|31|414|100
073|853|P-073|01|107|443|100
054|854|P-054|01|1|122|100
095|855|P-095|02|SN
057|848|P-057|00
077|856|P-077|00
004|857|P-004|00
082|860|P-082|00
087|864|P-087|00
013|867|P-013|00
034|870|P-034|00
048|875|P-048|00
052|877|P-052|00
053|878|P-053|00
015|880|P-015|00
080|882|P-080|00
081|884|P-081|00
009|858|P-009|01|116|147|100
072|859|P-072|01|78|239|100
042|861|P-042|01|61|263|100
070|862|P-070|01|53|334|100
003|863|P-003|02|RT
046|865|P-046|02|PM
076|888|P-076|00
008|889|P-008|00
039|866|P-039|01|134|257|100
014|868|P-014|01|130|624|100
076|869|P-076|01|28|119|100
023|871|P-023|01|113|524|100
067|872|P-067|01|108|674|100
023|873|P-023|02|GW
009|874|P-009|02|CD
050|876|P-050|02|OD
060|879|P-060|02|GV
024|881|P-024|02|EG
086|883|P-086|01|132|149|100
050|885|P-050|02|HQ
054|890|P-054|00
096|895|P-096|00
009|899|P-009|00
055|900|P-055|00
001|901|P-001|00
058|886|P-058|01|71|219|100
041|902|P-041|00
034|887|P-034|02|DZ
058|906|P-058|00
082|891|P-082|02|ND
079|892|P-079|02|TI
052|893|P-052|01|41|383|100
001|894|P-001|01|19|56|100
060|896|P-060|01|112|253|100
066|897|P-066|02|LK
057|898|P-057|02|CY
083|903|P-083|01|73|372|100
005|904|P-005|01|121|253|100
050|909|P-050|00
064|911|P-064|00
095|912|P-095|00
049|918|P-049|00
059|919|P-059|00
031|921|P-031|00
081|923|P-081|00
063|905|P-063|02|EV
064|924|P-064|00
011|907|P-011|01|147|202|100
041|925|P-041|00
081|929|P-081|00
028|908|P-028|02|JE
037|910|P-037|02|PP
013|935|P-013|00
096|913|P-096|01|84|250|100
080|914|P-080|02|GR
073|915|P-073|01|0|443|100
018|945|P-018|00
035|916|P-035|02|CZ
063|949|P-063|00
008|917|P-008|02|ZV
088|950|P-088|00
001|952|P-001|00
031|953|P-031|00
011|960|P-011|00
005|920|P-005|01|75|328|100
007|964|P-007|00
057|966|P-057|00
097|968|P-097|00
073|971|P-073|00
077|975|P-077|00
033|977|P-033|00
063|978|P-063|00
016|980|P-016|00
014|981|P-014|00
055|982|P-055|00
086|987|P-086|00
059|992|P-059|00
020|993|P-020|00
083|998|P-083|00
042|922|P-042|01|96|359|100
036|926|P-036|02|EJ
001|927|P-001|01|54|110|100
016|928|P-016|02|SU
080|930|P-080|01|53|977|100
029|931|P-029|02|VI
076|932|P-076|02|GQ
022|933|P-022|01|9|183|100
093|934|P-093|02|AJ
085|936|P-085|02|IR
096|937|P-096|02|KL
020|938|P-020|02|ZQ
088|939|P-088|02|UD
074|940|P-074|02|NL
005|941|P-005|01|113|441|100
009|942|P-009|02|HM
060|943|P-060|02|PC
043|944|P-043|01|76|441|100
083|946|P-083|02|EW
077|947|P-077|01|92|356|100
090|948|P-090|01|87|532|100
033|951|P-033|01|117|537|100
075|954|P-075|02|FD
075|955|P-075|02|YV
042|956|P-042|02|TS
006|957|P-006|01|39|360|100
000|958|P-000|01|72|79|100
017|959|P-017|01|54|149|100
001|961|P-001|01|38|148|100
090|962|P-090|01|140|672|100
003|963|P-003|01|49|350|100
036|965|P-036|02|TI
034|967|P-034|01|66|213|100
036|969|P-036|02|YC
088|970|P-088|01|86|241|100
091|972|P-091|02|VR
061|973|P-061|02|DH
093|974|P-093|01|52|80|100
051|976|P-051|02|IX
073|979|P-073|01|40|483|100
022|983|P-022|01|90|273|100
099|984|P-099|02|QG
079|985|P-079|02|DX
016|986|P-016|02|NS
013|988|P-013|02|NT
046|989|P-046|01|140|358|100
011|990|P-011|02|CJ
090|991|P-090|02|IY
029|994|P-029|02|RT
000|995|P-000|01|68|147|100
051|996|P-051|01|11|245|100
040|997|P-040|02|CG
072|999|P-072|02|TO
018|000|P-018|00
011|001|P-011|00
085|002|P-085|01|75|75|100
051|003|P-051|02|CI
025|004|P-025|01|79|79|100
007|005|P-007|00
081|006|P-081|01|134|134|100
068|009|P-068|00
028|010|P-028|00
032|011|P-032|00
084|012|P-084|00
013|007|P-013|01|22|22|100
067|008|P-067|01|115|115|100
052|013|P-052|00
080|014|P-080|01|94|94|100
080|016|P-080|00
018|015|P-018|01|143|143|100
050|017|P-050|02|RX
014|018|P-014|00
067|019|P-067|00
069|020|P-069|01|84|84|100
044|021|P-044|02|DJ
071|022|P-071|01|72|72|100
032|023|P-032|00
097|025|P-097|00
065|024|P-065|02|QO
034|026|P-034|00
075|027|P-075|00
053|028|P-053|00
056|029|P-056|02|BT
029|031|P-029|00
080|032|P-080|00
027|030|P-027|01|75|75|100
070|033|P-070|01|134|134|100
087|034|P-087|02|EO
060|035|P-060|01|131|131|100
068|036|P-068|01|12|12|100
096|037|P-096|02|ZO
082|038|P-082|02|NA
062|040|P-062|02|VN
030|042|P-030|02|VP
040|039|P-040|00
015|041|P-015|00
071|043|P-071|01|47|119|100
076|044|P-076|01|13|13|100
004|045|P-004|00
024|046|P-024|00
007|047|P-007|00
055|049|P-055|00
027|048|P-027|02|VF
036|052|P-036|00
083|050|P-083|01|73|73|100
094|054|P-094|00
075|051|P-075|02|YX
089|053|P-089|01|69|69|100
040|055|P-040|02|HT
042|056|P-042|02|VJ
013|057|P-013|01|148|170|100
014|058|P-014|02|NQ
064|059|P-064|01|58|58|100
080|060|P-080|01|129|223|100
025|061|P-025|02|FY
059|062|P-059|02|CG
095|072|P-095|00
044|063|P-044|02|KP
046|064|P-046|02|ZX
073|065|P-073|02|SI
080|066|P-080|01|77|300|100
064|067|P-064|01|64|122|100
047|068|P-047|01|134|134|100
078|069|P-078|01|26|26|100
052|070|P-052|01|81|81|100
057|079|P-057|00
090|071|P-090|01|53|53|100
052|073|P-052|01|119|200|100
071|074|P-071|01|48|167|100
024|075|P-024|02|VD
090|080|P-090|00
077|076|P-077|01|126|126|100
048|077|P-048|01|83|83|100
056|078|P-056|01|45|45|100
000|081|P-000|02|ME
033|082|P-033|02|OW
080|083|P-080|00
068|084|P-068|00
045|085|P-045|00
059|086|P-059|00
013|087|P-013|00
066|088|P-066|01|7|7|100
020|089|P-020|00
004|090|P-004|01|75|75|100
075|091|P-075|01|77|77|100
026|092|P-026|00
055|093|P-055|01|101|101|100
022|095|P-022|00
088|094|P-088|01|127|127|100
088|096|P-088|01|28|155|100
018|097|P-018|01|68|211|100
077|099|P-077|00
025|098|P-025|02|FW
069|100|P-069|01|39|123|100
043|101|P-043|02|VE
087|102|P-087|01|102|102|100
043|103|P-043|02|IN
073|104|P-073|02|VU
012|105|P-012|02|MQ
016|106|P-016|01|85|85|100
098|107|P-098|01|91|91|100
084|108|P-084|02|OR
041|109|P-041|00
099|110|P-099|00
071|112|P-071|00
028|111|P-028|02|DJ
001|113|P-001|02|QH
060|114|P-060|01|10|141|100
062|115|P-062|02|NJ
020|116|P-020|02|EW
036|120|P-036|00
077|117|P-077|01|31|157|100
042|118|P-042|01|5|5|100
098|122|P-098|00
002|123|P-002|00
017|119|P-017|02|BO
011|121|P-011|01|55|55|100
073|124|P-073|00
090|125|P-090|00
002|126|P-002|00
095|129|P-095|00
097|130|P-097|00
007|131|P-007|00
017|137|P-017|00
089|127|P-089|01|108|177|100
099|128|P-099|02|ZP
002|141|P-002|00
046|132|P-046|01|140|140|100
009|133|P-009|01|31|31|100
067|134|P-067|01|57|172|100
049|135|P-049|02|CY
019|136|P-019|02|EU
072|138|P-072|02|BW
027|139|P-027|02|KL
099|142|P-099|00
002|140|P-002|01|38|38|100
050|144|P-050|00
043|145|P-043|00
017|143|P-017|01|95|95|100
079|147|P-079|00
028|148|P-028|00
007|146|P-007|01|65|65|100
073|152|P-073|00
026|149|P-026|01|94|94|100
001|150|P-001|02|HU
054|155|P-054|00
014|151|P-014|01|142|142|100
023|157|P-023|00
048|159|P-048|00
098|153|P-098|02|CX
022|154|P-022|01|13|13|100
063|160|P-063|00
039|162|P-039|00
087|163|P-087|00
029|156|P-029|01|66|66|100
061|158|P-061|02|LD
078|161|P-078|02|JR
043|164|P-043|00
037|165|P-037|02|KO
089|166|P-089|00
067|167|P-067|01|121|293|100
070|168|P-070|02|UP
054|169|P-054|02|OY
073|173|P-073|00
040|170|P-040|02|IA
052|175|P-052|00
064|171|P-064|02|IB
009|172|P-009|02|HV
024|179|P-024|00
025|174|P-025|02|HY
094|176|P-094|01|35|35|100
002|177|P-002|02|XN
006|187|P-006|00
016|188|P-016|00
026|178|P-026|01|60|154|100
057|180|P-057|02|PX
033|181|P-033|02|CP
072|182|P-072|02|XR
023|183|P-023|02|YQ
009|184|P-009|02|ZY
067|185|P-067|01|132|425|100
028|186|P-028|01|22|22|100
065|193|P-065|00
044|195|P-044|00
034|197|P-034|00
045|201|P-045|00
048|206|P-048|00
043|208|P-043|00
098|210|P-098|00
061|211|P-061|00
005|189|P-005|02|WI
059|190|P-059|01|20|20|100
033|191|P-033|01|81|81|100
041|192|P-041|01|66|66|100
038|194|P-038|01|130|130|100
031|196|P-031|01|25|25|100
000|198|P-000|01|7|7|100
074|199|P-074|01|20|20|100
014|200|P-014|02|RB
023|202|P-023|02|NR
051|203|P-051|02|YQ
069|204|P-069|01|51|174|100
020|205|P-020|02|JO
045|207|P-045|01|7|7|100
088|209|P-088|02|OT
001|212|P-001|02|GE
090|213|P-090|00
091|214|P-091|01|122|122|100
017|215|P-017|02|RO
085|218|P-085|00
026|219|P-026|00
030|220|P-030|00
004|224|P-004|00
086|226|P-086|00
035|216|P-035|02|GD
012|217|P-012|01|19|19|100
098|221|P-098|02|VL
064|222|P-064|01|69|191|100
039|230|P-039|00
006|223|P-006|02|FN
096|225|P-096|02|NX
001|227|P-001|02|FF
048|228|P-048|01|22|105|100
078|229|P-078|02|HK
032|234|P-032|00
025|231|P-025|01|7|86|100
081|232|P-081|02|JD
080|233|P-080|02|UJ
082|235|P-082|02|GM
020|236|P-020|01|61|61|100
043|240|P-043|00
033|237|P-033|01|104|185|100
095|238|P-095|02|TH
074|239|P-074|02|NH
023|241|P-023|01|150|150|100
059|242|P-059|01|75|95|100
044|243|P-044|01|99|99|100
070|248|P-070|00
076|250|P-076|00
030|244|P-030|01|20|20|100
050|245|P-050|01|56|56|100
014|246|P-014|02|ZX
006|247|P-006|02|ZP
016|249|P-016|01|97|182|100
086|251|P-086|02|OB
042|252|P-042|01|77|82|100
098|253|P-098|01|46|137|100
029|254|P-029|02|XT
072|256|P-072|02|VS
011|255|P-011|00
075|257|P-075|00
061|258|P-061|00
022|259|P-022|01|140|153|100
003|266|P-003|00
057|260|P-057|01|83|83|100
078|261|P-078|01|125|151|100
013|273|P-013|00
070|262|P-070|02|GD
090|263|P-090|01|95|148|100
093|278|P-093