018|000|00
011|001|00
085|002|01|75|75
051|003|02|CI
025|004|01|79|79
007|005|00
081|006|01|134|134
013|007|01|22|22
067|008|01|115|115
068|009|00
028|010|00
032|011|00
084|012|00
052|013|00
080|014|01|94|94
018|015|01|143|143
080|016|00
050|017|02|RX
014|018|00
067|019|00
069|020|01|84|84
044|021|02|DJ
071|022|01|72|72
032|023|00
065|024|02|QO
097|025|00
034|026|00
075|027|00
053|028|00
056|029|02|BT
027|030|01|75|75
029|031|00
080|032|00
070|033|01|134|134
087|034|02|EO
060|035|01|131|131
068|036|01|12|12
096|037|02|ZO
082|038|02|NA
040|039|00
062|040|02|VN
015|041|00
030|042|02|VP
071|043|01|47|119
076|044|01|13|13
004|045|00
024|046|00
007|047|00
027|048|02|VF
055|049|00
083|050|01|73|73
075|051|02|YX
036|052|00
089|053|01|69|69
094|054|00
040|055|02|HT
042|056|02|VJ
013|057|01|148|170
014|058|02|NQ
064|059|01|58|58
080|060|01|129|223
025|061|02|FY
059|062|02|CG
044|063|02|KP
046|064|02|ZX
073|065|02|SI
080|066|01|77|300
064|067|01|64|122
047|068|01|134|134
078|069|01|26|26
052|070|01|81|81
090|071|01|53|53
095|072|00
052|073|01|119|200
071|074|01|48|167
024|075|02|VD
077|076|01|126|126
048|077|01|83|83
056|078|01|45|45
057|079|00
090|080|00
000|081|02|ME
033|082|02|OW
080|083|00
068|084|00
045|085|00
059|086|00
013|087|00
066|088|01|7|7
020|089|00
004|090|01|75|75
075|091|01|77|77
026|092|00
055|093|01|101|101
088|094|01|127|127
022|095|00
088|096|01|28|155
018|097|01|68|211
025|098|02|FW
077|099|00
069|100|01|39|123
043|101|02|VE
087|102|01|102|102
043|103|02|IN
073|104|02|VU
012|105|02|MQ
016|106|01|85|85
098|107|01|91|91
084|108|02|OR
041|109|00
099|110|00
028|111|02|DJ
071|112|00
001|113|02|QH
060|114|01|10|141
062|115|02|NJ
020|116|02|EW
077|117|01|31|157
042|118|01|5|5
017|119|02|BO
036|120|00
011|121|01|55|55
098|122|00
002|123|00
073|124|00
090|125|00
002|126|00
089|127|01|108|177
099|128|02|ZP
095|129|00
097|130|00
007|131|00
046|132|01|140|140
009|133|01|31|31
067|134|01|57|172
049|135|02|CY
019|136|02|EU
017|137|00
072|138|02|BW
027|139|02|KL
002|140|01|38|38
002|141|00
099|142|00
017|143|01|95|95
050|144|00
043|145|00
007|146|01|65|65
079|147|00
028|148|00
026|149|01|94|94
001|150|02|HU
014|151|01|142|142
073|152|00
098|153|02|CX
022|154|01|13|13
054|155|00
029|156|01|66|66
023|157|00
061|158|02|LD
048|159|00
063|160|00
078|161|02|JR
039|162|00
087|163|00
043|164|00
037|165|02|KO
089|166|00
067|167|01|121|293
070|168|02|UP
054|169|02|OY
040|170|02|IA
064|171|02|IB
009|172|02|HV
073|173|00
025|174|02|HY
052|175|00
094|176|01|35|35
002|177|02|XN
026|178|01|60|154
024|179|00
057|180|02|PX
033|181|02|CP
072|182|02|XR
023|183|02|YQ
009|184|02|ZY
067|185|01|132|425
028|186|01|22|22
006|187|00
016|188|00
005|189|02|WI
059|190|01|20|20
033|191|01|81|81
041|192|01|66|66
065|193|00
038|194|01|130|130
044|195|00
031|196|01|25|25
034|197|00
000|198|01|7|7
074|199|01|20|20
014|200|02|RB
045|201|00
023|202|02|NR
051|203|02|YQ
069|204|01|51|174
020|205|02|JO
048|206|00
045|207|01|7|7
043|208|00
088|209|02|OT
098|210|00
061|211|00
001|212|02|GE
090|213|00
091|214|01|122|122
017|215|02|RO
035|216|02|GD
012|217|01|19|19
085|218|00
026|219|00
030|220|00
098|221|02|VL
064|222|01|69|191
006|223|02|FN
004|224|00
096|225|02|NX
086|226|00
001|227|02|FF
048|228|01|22|105
078|229|02|HK
039|230|00
025|231|01|7|86
081|232|02|JD
080|233|02|UJ
032|234|00
082|235|02|GM
020|236|01|61|61
033|237|01|104|185
095|238|02|TH
074|239|02|NH
043|240|00
023|241|01|150|150
059|242|01|75|95
044|243|01|99|99
030|244|01|20|20
050|245|01|56|56
014|246|02|ZX
006|247|02|ZP
070|248|00
016|249|01|97|182
076|250|00
086|251|02|OB
042|252|01|77|82
098|253|01|46|137
029|254|02|XT
011|255|00
072|256|02|VS
075|257|00
061|258|00
022|259|01|140|153
057|260|01|83|83
078|261|01|125|151
070|262|02|GD
090|263|01|95|148
059|264|01|98|193
086|265|01|17|17
003|266|00
047|267|01|14|148
096|268|02|CX
027|269|01|58|133
047|270|01|134|282
084|271|01|121|121
049|272|02|AG
013|273|00
015|274|02|ZX
027|275|01|127|260
067|276|01|138|563
094|277|02|JR
093|278|00
069|279|02|CS
022|280|00
051|281|02|XX
077|282|01|24|181
051|283|00
040|284|01|124|124
042|285|01|120|202
061|286|01|4|4
055|287|00
002|288|02|FY
067|289|02|JI
084|290|02|NN
032|291|01|38|38
042|292|02|KM
048|293|01|46|151
033|294|02|QV
076|295|00
095|296|00
045|297|00
059|298|01|96|289
080|299|00
079|300|01|28|28
092|301|00
065|302|02|XP
058|303|01|69|69
061|304|01|127|131
052|305|01|5|205
098|306|00
013|307|00
097|308|01|26|26
037|309|00
009|310|02|QH
052|311|02|PD
066|312|01|71|78
024|313|01|119|119
075|314|00
050|315|00
054|316|01|1|1
021|317|00
049|318|00
083|319|00
006|320|01|122|122
032|321|00
089|322|01|34|211
090|323|01|50|198
084|324|01|65|186
056|325|00
027|326|01|123|383
075|327|02|AZ
017|328|02|OL
044|329|01|9|108
013|330|00
069|331|00
084|332|00
098|333|02|VI
058|334|00
071|335|00
083|336|01|148|221
097|337|02|PE
011|338|00
000|339|02|LB
003|340|00
062|341|00
018|342|01|27|238
080|343|01|136|436
037|344|01|37|37
020|345|00
094|346|02|CK
036|347|00
026|348|02|NU
037|349|00
096|350|01|56|56
019|351|02|BS
079|352|00
083|353|01|28|249
033|354|00
065|355|00
000|356|00
075|357|01|40|117
055|358|02|LC
001|359|01|9|9
076|360|01|4|17
019|361|01|99|99
043|362|00
013|363|00
075|364|01|17|134
080|365|00
078|366|02|HL
034|367|00
073|368|02|ZY
027|369|02|JF
049|370|01|18|18
077|371|00
078|372|02|PB
002|373|00
075|374|01|61|195
078|375|01|77|228
036|376|01|72|72
050|377|02|EI
071|378|00
064|379|00
092|380|02|YY
039|381|01|62|62
034|382|00
079|383|01|107|135
035|384|00
049|385|02|QJ
090|386|00
041|387|01|53|119
040|388|01|46|170
064|389|01|98|289
071|390|02|ER
068|391|01|98|110
035|392|00
037|393|00
073|394|01|101|101
055|395|01|33|134
093|396|01|28|28
018|397|00
005|398|01|24|24
061|399|01|69|200
059|400|00
041|401|00
015|402|00
007|403|02|QU
038|404|02|NH
061|405|00
019|406|00
001|407|02|FA
056|408|00
081|409|02|WI
082|410|01|21|21
064|411|01|23|312
085|412|00
006|413|01|65|187
023|414|00
009|415|00
099|416|01|81|81
006|417|01|134|321
021|418|01|42|42
049|419|01|42|60
087|420|00
072|421|02|XX
014|422|01|142|284
054|423|01|10|11
077|424|00
061|425|01|136|336
093|426|02|LN
070|427|00
060|428|00
030|429|00
044|430|01|35|143
001|431|00
043|432|00
031|433|00
028|434|02|QI
063|435|00
068|436|00
095|437|00
002|438|00
048|439|00
016|440|00
003|441|01|65|65
080|442|01|149|585
089|443|01|65|276
014|444|01|60|344
044|445|01|66|209
021|446|02|NE
062|447|00
013|448|02|JI
073|449|01|131|232
059|450|01|44|333
031|451|02|SE
060|452|02|AZ
034|453|02|MN
099|454|00
004|455|00
018|456|01|4|242
015|457|00
039|458|01|41|103
070|459|02|GI
071|460|00
007|461|02|CO
052|462|02|PE
025|463|02|GV
048|464|00
059|465|00
079|466|02|TJ
039|467|02|CZ
036|468|00
050|469|00
003|470|00
077|471|00
070|472|02|VU
073|473|00
032|474|00
090|475|01|81|279
044|476|02|AY
086|477|02|JW
030|478|00
025|479|00
043|480|02|US
069|481|01|64|238
004|482|02|OR
077|483|01|68|249
034|484|01|108|108
034|485|02|IH
057|486|01|103|186
023|487|01|71|221
016|488|02|TQ
084|489|00
018|490|02|XI
050|491|02|EY
006|492|00
019|493|00
045|494|01|0|7
033|495|01|124|309
089|496|00
083|497|02|BN
085|498|00
081|499|01|58|192
063|500|02|ED
020|501|02|OS
007|502|00
046|503|02|KM
000|504|02|RI
075|505|01|125|320
010|506|01|109|109
067|507|00
027|508|02|XV
071|509|02|TY
014|510|00
019|511|00
059|512|00
031|513|02|KS
030|514|02|SX
033|515|02|EU
017|516|02|BU
091|517|02|UY
059|518|00
015|519|01|105|105
034|520|00
004|521|01|35|110
099|522|00
052|523|02|TY
091|524|02|HG
066|525|01|130|208
092|526|02|RJ
072|527|02|TS
046|528|00
043|529|00
043|530|01|118|118
025|531|01|39|125
010|532|02|QW
063|533|02|GW
074|534|01|131|151
007|535|00
018|536|01|110|352
039|537|01|20|123
053|538|00
024|539|01|110|229
024|540|00
056|541|02|YZ
071|542|01|6|173
034|543|00
016|544|02|UY
076|545|01|74|91
046|546|01|17|157
084|547|02|SD
068|548|01|94|204
002|549|00
013|550|01|127|297
087|551|02|MF
093|552|00
004|553|00
075|554|00
025|555|02|MW
089|556|02|AM
053|557|00
052|558|01|41|246
089|559|02|LV
003|560|02|SY
055|561|00
022|562|01|1|154
051|563|02|KA
021|564|00
068|565|00
056|566|01|68|113
014|567|01|20|364
050|568|00
073|569|01|4|236
045|570|00
028|571|01|146|168
001|572|01|2|11
035|573|02|PA
054|574|01|110|121
045|575|01|9|16
030|576|02|IP
046|577|00
044|578|01|68|277
061|579|01|133|469
025|580|01|24|149
083|581|02|AY
025|582|02|YA
001|583|01|26|37
068|584|01|117|321
025|585|01|9|158
070|586|02|CZ
099|587|01|121|202
034|588|00
032|589|02|BP
066|590|01|28|236
044|591|02|YO
071|592|01|9|182
014|593|01|130|494
016|594|01|35|217
054|595|02|DO
007|596|02|OS
037|597|02|BZ
063|598|01|97|97
037|599|00
012|600|02|FV
060|601|02|KO
033|602|02|SP
082|603|01|20|41
087|604|02|WK
029|605|02|BM
080|606|00
049|607|01|107|167
083|608|02|MO
096|609|02|KC
003|610|00
046|611|02|PE
031|612|00
048|613|01|41|192
074|614|01|47|198
032|615|02|PZ
095|616|01|13|13
097|617|01|82|108
034|618|01|39|147
082|619|02|KM
038|620|02|SN
002|621|02|CN
052|622|01|96|342
003|623|02|VR
026|624|02|OV
039|625|02|YO
081|626|02|WP
088|627|00
003|628|01|133|198
008|629|01|136|136
057|630|00
095|631|02|PD
063|632|01|17|114
006|633|00
064|634|00
094|635|00
023|636|01|114|335
006|637|02|SN
019|638|00
035|639|02|ZE
035|640|02|XZ
059|641|02|LW
047|642|01|53|335
017|643|00
068|644|02|WE
075|645|00
079|646|01|89|224
014|647|00
096|648|02|HG
003|649|02|ZC
043|650|01|110|228
038|651|02|DI
058|652|00
019|653|02|UB
007|654|01|2|67
062|655|02|TV
056|656|01|107|220
010|657|00
005|658|00
002|659|00
091|660|01|35|157
048|661|00
078|662|02|BK
087|663|00
063|664|00
044|665|02|BL
063|666|01|130|244
087|667|00
064|668|02|VP
039|669|02|KX
067|670|01|3|566
081|671|02|BN
097|672|02|GQ
029|673|00
078|674|02|FX
044|675|01|90|367
031|676|02|GU
020|677|01|148|209
077|678|02|WB
095|679|00
022|680|01|15|169
008|681|00
096|682|01|64|120
032|683|01|109|147
045|684|01|13|29
003|685|01|94|292
043|686|00
080|687|01|77|662
036|688|01|48|120
006|689|00
057|690|02|HP
078|691|00
074|692|01|131|329
097|693|00
032|694|00
079|695|01|106|330
020|696|00
043|697|01|12|240
090|698|01|19|298
053|699|02|QF
039|700|02|XJ
003|701|00
088|702|02|WN
037|703|02|UJ
077|704|02|QN
069|705|01|48|286
003|706|00
075|707|01|63|383
082|708|00
056|709|00
080|710|01|145|807
005|711|02|PC
036|712|02|RL
038|713|00
068|714|00
035|715|02|OU
051|716|01|105|105
065|717|01|125|125
066|718|02|NN
045|719|00
003|720|00
077|721|00
059|722|02|GZ
031|723|01|3|28
011|724|02|ET
049|725|02|JV
078|726|01|65|293
071|727|00
058|728|02|ET
020|729|00
059|730|01|49|382
048|731|01|95|287
073|732|00
010|733|01|62|171
040|734|00
015|735|01|48|153
029|736|01|118|184
041|737|00
029|738|02|QR
090|739|01|147|445
092|740|02|VR
024|741|01|122|351
082|742|00
057|743|02|LC
037|744|02|OF
056|745|00
005|746|01|108|132
087|747|00
003|748|01|9|301
083|749|00
059|750|01|115|497
029|751|02|EG
062|752|02|SL
019|753|01|148|247
094|754|01|63|98
093|755|02|OD
055|756|01|64|198
089|757|01|77|353
070|758|01|147|281
022|759|01|5|174
040|760|02|GC
040|761|01|39|209
033|762|01|111|420
000|763|00
079|764|02|NH
036|765|02|NS
009|766|00
066|767|01|140|376
011|768|02|KX
008|769|01|1|137
003|770|02|QM
096|771|00
026|772|00
025|773|00
094|774|00
051|775|00
068|776|02|JV
019|777|01|52|299
002|778|00
073|779|01|100|336
006|780|02|TV
043|781|01|125|365
046|782|00
084|783|02|PR
019|784|01|110|409
077|785|01|15|264
000|786|02|UK
075|787|02|RB
087|788|02|VJ
055|789|01|117|315
045|790|01|35|64
087|791|00
064|792|00
037|793|02|AJ
072|794|01|36|36
017|795|00
074|796|00
072|797|01|125|161
067|798|00
021|799|00
056|800|02|YR
061|801|00
007|802|01|72|139
083|803|01|50|299
086|804|00
050|805|00
028|806|00
010|807|01|134|305
046|808|01|61|218
017|809|00
096|810|02|EA
070|811|00
049|812|01|129|296
045|813|01|129|193
058|814|02|IW
051|815|01|129|234
040|816|01|140|349
098|817|00
025|818|00
038|819|01|105|235
050|820|00
080|821|01|117|924
074|822|02|TW
050|823|00
004|824|00
059|825|00
088|826|02|JI
042|827|00
075|828|01|64|447
024|829|01|107|458
019|830|00
008|831|01|16|153
010|832|01|13|318
071|833|02|AN
026|834|02|UO
002|835|00
096|836|02|DA
023|837|01|33|368
038|838|00
025|839|01|88|246
020|840|00
031|841|02|AN
057|842|00
050|843|02|NW
002|844|01|6|44
023|845|01|43|411
077|846|00
058|847|01|79|148
057|848|00
093|849|02|RR
096|850|01|46|166
059|851|02|JP
027|852|01|31|414
073|853|01|107|443
054|854|01|1|122
095|855|02|SN
077|856|00
004|857|00
009|858|01|116|147
072|859|01|78|239
082|860|00
042|861|01|61|263
070|862|01|53|334
003|863|02|RT
087|864|00
046|865|02|PM
039|866|01|134|257
013|867|00
014|868|01|130|624
076|869|01|28|119
034|870|00
023|871|01|113|524
067|872|01|108|674
023|873|02|GW
009|874|02|CD
048|875|00
050|876|02|OD
052|877|00
053|878|00
060|879|02|GV
015|880|00
024|881|02|EG
080|882|00
086|883|01|132|149
081|884|00
050|885|02|HQ
058|886|01|71|219
034|887|02|DZ
076|888|00
008|889|00
054|890|00
082|891|02|ND
079|892|02|TI
052|893|01|41|383
001|894|01|19|56
096|895|00
060|896|01|112|253
066|897|02|LK
057|898|02|CY
009|899|00
055|900|00
001|901|00
041|902|00
083|903|01|73|372
005|904|01|121|253
063|905|02|EV
058|906|00
011|907|01|147|202
028|908|02|JE
050|909|00
037|910|02|PP
064|911|00
095|912|00
096|913|01|84|250
080|914|02|GR
073|915|01|0|443
035|916|02|CZ
008|917|02|ZV
049|918|00
059|919|00
005|920|01|75|328
031|921|00
042|922|01|96|359
081|923|00
064|924|00
041|925|00
036|926|02|EJ
001|927|01|54|110
016|928|02|SU
081|929|00
080|930|01|53|977
029|931|02|VI
076|932|02|GQ
022|933|01|9|183
093|934|02|AJ
013|935|00
085|936|02|IR
096|937|02|KL
020|938|02|ZQ
088|939|02|UD
074|940|02|NL
005|941|01|113|441
009|942|02|HM
060|943|02|PC
043|944|01|76|441
018|945|00
083|946|02|EW
077|947|01|92|356
090|948|01|87|532
063|949|00
088|950|00
033|951|01|117|537
001|952|00
031|953|00
075|954|02|FD
075|955|02|YV
042|956|02|TS
006|957|01|39|360
000|958|01|72|79
017|959|01|54|149
011|960|00
001|961|01|38|148
090|962|01|140|672
003|963|01|49|350
007|964|00
036|965|02|TI
057|966|00
034|967|01|66|213
097|968|00
036|969|02|YC
088|970|01|86|241
073|971|00
091|972|02|VR
061|973|02|DH
093|974|01|52|80
077|975|00
051|976|02|IX
033|977|00
063|978|00
073|979|01|40|483
016|980|00
014|981|00
055|982|00
022|983|01|90|273
099|984|02|QG
079|985|02|DX
016|986|02|NS
086|987|00
013|988|02|NT
046|989|01|140|358
011|990|02|CJ
090|991|02|IY
059|992|00
020|993|00
029|994|02|RT
000|995|01|68|147
051|996|01|11|245
040|997|02|CG
083|998|00
072|999|02|TO
